Thu Oct 12 2023 15:34:20 GMT+0000 (Coordinated Universal Time) - Run Time: 3051ms

Cross Tabulation Query Form - Person - 2016 v1.1

Row: 2006 GTA zone of household - gta06_hhld
Column: Income range of household - income


Filters:
No Filters

Persons 2016 
Table: 

,$0 to $14999,$15000 to $39999,$40000 to $59999,$60000 to $99999,$100000 to $124999,$125000 and above,Decline / don't know
1,0,131,45,270,241,1021,301
4,0,0,0,95,0,0,0
5,19,18,0,0,0,174,78
14,107,73,72,177,136,351,112
15,26,136,130,453,547,1066,164
16,92,151,178,564,447,773,507
17,623,894,1094,1322,601,1362,1454
18,810,1490,572,534,243,235,813
19,0,104,152,267,291,487,177
20,38,3,185,204,108,739,37
21,2343,3977,3280,3467,1415,1225,2576
22,452,980,1054,2285,598,1770,1191
23,1144,275,663,275,86,246,392
24,727,1026,561,796,328,369,434
25,298,727,650,1589,870,2472,429
26,241,930,421,947,444,1131,727
30,0,100,62,240,157,563,100
34,157,394,291,945,595,1469,889
35,0,0,31,113,145,644,281
36,30,54,212,526,375,686,677
37,419,232,671,471,272,503,290
38,715,485,750,1203,683,1114,613
39,164,312,223,465,206,289,193
40,341,884,543,904,401,496,416
41,778,512,878,1941,763,897,883
42,305,640,721,1355,597,1369,503
43,95,261,245,1391,361,1097,240
44,335,291,269,752,310,997,441
45,29,101,345,597,284,1327,685
46,1335,1397,743,1613,624,916,1446
47,327,211,270,255,110,717,347
48,354,366,301,406,333,642,333
49,197,58,176,47,0,70,234
50,552,362,265,933,492,1997,1066
51,206,435,166,434,91,299,146
53,82,175,194,619,225,465,429
54,0,0,8,0,0,0,0
55,40,0,32,61,112,626,45
56,40,0,0,0,0,14,0
57,0,8,14,58,80,247,0
59,0,104,23,442,252,458,143
60,47,99,200,662,723,1637,401
61,29,291,245,552,364,1273,395
62,74,268,369,1086,644,1594,670
63,96,194,265,583,280,729,192
64,297,215,357,1612,1038,2688,463
65,222,163,247,1367,773,1477,532
66,485,623,340,1456,797,1864,572
67,755,347,708,1152,936,1661,903
68,259,905,374,610,77,631,483
69,0,0,0,0,0,0,89
70,0,163,26,471,245,370,70
71,406,1128,596,2571,770,1936,1067
72,204,461,669,1601,993,2406,742
73,88,207,193,1274,140,465,212
74,7,118,337,1407,26,413,32
75,65,230,393,1042,77,743,225
76,461,2216,563,86,178,886,1380
77,94,257,176,912,455,1371,285
78,58,105,333,468,311,1329,336
79,535,181,1792,2603,1287,1838,1243
80,28,59,246,430,410,610,349
81,10,27,95,100,192,92,42
82,37,29,135,593,175,767,58
83,0,0,0,0,37,0,0
84,70,634,902,2476,1127,1692,1173
89,240,480,1176,3169,2145,2763,876
90,262,1340,954,3124,1654,4013,1527
91,42,563,114,557,650,853,129
92,0,306,81,678,330,1246,535
93,491,1318,866,1314,497,2386,718
94,246,242,552,943,547,1954,318
95,134,968,224,431,896,897,468
96,87,358,453,835,157,1205,543
97,716,309,503,1354,1238,761,219
98,5,58,86,1100,1088,1864,194
99,335,1010,2262,3226,1890,3006,840
100,61,370,193,993,179,596,199
101,206,903,1863,1129,381,506,414
102,169,443,159,692,1671,855,746
103,0,209,319,503,385,420,434
104,50,234,582,1255,117,610,660
105,2014,2307,2549,3478,1282,1198,1997
106,681,407,269,1055,696,775,425
107,766,678,232,713,354,646,1002
108,0,77,382,262,302,462,255
109,1375,735,323,557,140,823,576
110,2068,6629,3176,2815,933,1437,2155
113,85,1000,455,793,622,2400,198
114,110,243,343,1457,314,2026,589
115,677,338,426,536,475,1763,810
116,148,645,416,746,860,828,1273
117,42,217,718,770,436,650,241
118,48,119,212,736,240,724,684
119,373,1313,2323,2570,1101,3197,1855
120,146,455,434,848,237,2294,896
121,0,60,31,261,142,372,23
122,199,548,727,1908,1435,3410,1635
123,125,0,319,362,512,1736,523
124,0,278,317,1045,886,4133,1115
125,6,509,302,775,441,2560,798
126,36,153,263,623,492,1015,518
127,0,332,315,500,243,1631,502
128,452,497,225,219,337,772,610
129,36,50,1555,849,641,507,344
130,119,1622,918,1338,437,1015,1175
131,881,1727,1101,1296,74,488,1565
132,482,895,772,839,290,329,791
133,925,2438,3100,2500,564,445,812
134,22,464,377,873,503,1187,658
135,85,231,295,447,283,581,820
137,192,2310,624,834,230,753,1512
138,1031,1159,664,529,129,136,417
139,126,1771,3354,2720,330,620,897
140,248,478,472,556,36,663,411
142,83,544,853,693,466,395,379
143,999,2672,839,2027,590,168,1773
144,391,627,348,103,91,561,209
145,688,27,567,203,588,450,877
146,7,43,123,72,73,40,46
147,1009,1703,477,392,843,638,564
148,14,503,841,621,935,404,583
149,728,999,1221,823,14,0,203
150,436,1259,2017,2111,1563,1399,929
151,710,284,231,446,0,171,564
152,335,531,1478,692,381,83,234
153,490,916,1877,2308,484,291,1282
154,317,1258,1083,1920,418,685,1448
155,178,166,288,580,357,138,405
156,0,0,77,192,0,0,0
157,0,45,64,98,0,0,245
158,196,1492,1520,880,642,576,800
160,127,19,77,234,38,0,125
161,72,85,340,921,435,122,334
162,13,616,423,539,186,168,835
163,107,1723,1198,1631,188,816,615
164,144,968,412,1377,892,956,1821
165,239,440,444,524,959,2118,537
166,601,300,1795,1204,1044,930,736
167,65,185,842,710,220,658,1124
168,0,33,0,0,0,163,37
169,35,454,658,545,830,1787,324
170,388,534,348,844,565,1487,650
171,45,585,405,900,547,525,850
172,0,269,1107,896,482,1933,1070
173,423,1744,1353,2567,1467,2752,1876
174,142,322,206,125,893,1152,1068
175,643,1529,803,905,728,952,1249
176,330,1116,401,421,461,921,1045
177,738,1554,1824,2784,1146,1627,1634
178,16,371,381,618,306,1262,1207
179,31,487,328,650,253,341,1183
180,0,19,0,0,0,0,10
181,235,1088,883,1291,469,514,1895
182,265,1002,2072,1499,602,1190,1794
183,337,1017,574,1606,346,1734,1217
184,63,364,713,873,104,2785,1109
185,54,427,405,661,389,1972,1087
186,9,50,300,499,800,1199,1012
187,11,112,0,343,226,289,201
188,33,687,264,1126,558,1786,893
189,0,0,115,335,134,733,865
190,0,27,46,18,120,637,337
191,180,800,957,1690,608,957,1506
192,0,180,741,249,116,995,1608
193,371,585,377,1103,338,3225,1094
194,135,431,560,886,568,2415,1540
195,18,153,439,432,325,3096,1108
196,45,305,259,749,674,5037,1566
197,189,215,204,854,293,3902,650
198,0,0,176,73,95,928,630
199,0,75,28,269,257,1581,1269
200,372,98,135,304,133,1567,1180
201,105,336,472,1279,712,1821,624
202,53,713,786,2016,824,2887,1592
203,79,146,268,967,335,2125,285
204,45,476,534,1573,616,1692,942
205,101,286,120,489,509,2684,1551
206,18,0,54,153,59,1091,585
207,0,11,73,212,48,2889,671
208,0,0,0,0,0,59,0
209,321,661,1413,2229,1596,1209,1545
210,630,736,1289,1506,1062,2188,1325
211,833,2562,2152,3460,1553,2687,1464
212,81,599,517,883,742,2477,809
213,143,25,78,212,83,2460,842
214,31,402,250,690,371,2872,726
215,23,230,183,117,446,1871,654
216,110,338,837,1318,943,4153,1466
217,14,402,397,1150,392,4192,2485
218,0,0,0,99,38,741,123
219,0,581,511,384,708,2663,983
220,72,170,55,520,86,232,55
222,1661,6823,4434,2566,1050,287,2588
223,1458,6433,3353,4331,1614,1377,2895
224,20,0,101,230,190,142,353
225,0,0,0,0,0,179,216
226,0,0,0,88,29,534,289
227,0,0,294,280,380,1609,597
228,428,498,764,1076,354,1394,851
229,192,623,265,445,169,1575,1077
230,336,979,355,1153,487,3045,1782
231,0,31,0,0,0,0,42
232,342,1780,1308,1586,397,795,531
233,1287,3163,1322,1966,876,560,1416
234,485,429,700,1130,878,849,1375
235,0,166,53,289,88,187,145
236,0,75,0,13,132,791,299
237,0,460,563,588,797,2014,1844
238,60,611,555,924,676,1102,959
239,343,1008,1018,2698,1245,2273,1854
241,285,654,606,1079,340,993,909
242,44,154,549,522,297,462,329
243,54,1193,1210,1348,702,744,773
244,400,637,575,1126,330,776,821
245,302,1653,901,981,238,546,1192
247,363,1286,725,1861,592,549,914
248,0,513,423,1029,552,796,522
249,2001,4894,3178,4426,1163,1702,3278
250,928,2102,1763,3677,1594,1574,1790
251,589,1401,767,2545,265,1289,1467
252,105,259,381,757,609,4011,603
253,25,238,394,1150,529,3393,618
254,89,596,429,1461,880,1520,710
255,0,133,489,947,1111,3594,638
256,199,577,1054,1234,509,1483,812
257,174,1408,695,915,971,2942,632
258,579,815,664,1509,698,2425,496
259,163,671,617,678,1034,2253,1260
260,70,145,214,81,0,35,31
261,143,41,101,811,75,854,1477
262,62,180,225,130,577,1615,248
263,0,575,645,1115,716,1613,1508
264,171,631,753,1787,1191,2266,1429
265,117,470,631,895,771,331,468
266,309,678,620,1135,275,1642,690
267,234,247,72,825,286,559,72
268,151,197,91,682,297,1278,221
269,388,808,573,759,491,1561,592
270,47,709,743,2668,1386,3936,773
271,362,1096,539,992,268,2338,1046
272,30,226,18,651,258,2666,352
273,1281,620,545,712,565,1032,566
274,81,271,300,164,350,1188,198
275,263,342,214,101,79,128,113
276,0,325,333,522,10,1037,144
277,21,218,248,208,432,1604,735
278,136,619,437,1375,472,631,284
279,82,423,608,525,567,1249,515
280,0,253,215,184,293,1592,356
281,152,1608,1641,2091,1358,1395,1156
282,346,2984,2699,1590,1139,1919,2034
283,0,0,124,27,0,274,23
284,0,56,238,198,267,316,199
285,302,316,1014,2373,1693,2908,1197
286,251,894,650,927,581,944,1422
287,258,1098,764,2128,1353,2880,1471
288,48,1233,937,1840,1127,1548,849
289,0,534,154,320,15,163,187
290,165,668,743,592,497,1883,380
291,286,850,415,834,239,94,580
293,240,274,173,297,123,315,343
294,190,483,844,1512,383,1565,490
295,315,465,652,1232,338,807,753
296,0,8,0,64,102,0,93
297,169,476,301,1164,466,1243,1494
298,108,779,1138,966,754,1653,928
299,0,0,34,0,0,0,0
300,119,103,308,295,157,426,623
301,112,371,477,1244,464,1698,1482
302,14,117,133,687,248,255,537
303,0,0,0,0,0,43,4
304,88,955,988,728,457,0,1187
305,0,146,320,662,396,2144,1085
306,8,204,320,671,537,1913,1165
307,57,139,92,593,562,1492,733
309,30,101,320,436,254,426,265
312,14,185,387,578,823,723,367
313,900,2064,1419,3237,1607,1080,1788
314,0,15,80,181,215,2106,1262
315,0,60,107,273,322,1767,497
316,177,0,0,374,79,819,610
317,48,69,178,926,124,1242,497
318,0,385,227,453,73,879,461
319,24,229,194,362,327,2567,622
320,0,0,43,57,291,669,537
321,0,524,115,226,263,867,213
322,0,184,190,380,470,1867,1158
323,22,141,123,187,366,1056,556
324,0,423,335,733,488,1048,771
325,86,302,888,916,618,1649,1337
326,157,567,350,752,157,672,287
327,471,798,381,508,156,128,1078
328,73,509,720,2089,288,390,339
329,0,138,270,436,266,1290,429
330,0,123,59,103,25,1122,923
331,46,414,321,674,69,0,340
332,294,790,484,873,216,177,610
333,104,708,308,347,274,729,625
334,19,407,320,707,782,872,700
335,186,198,227,392,316,385,464
336,86,946,737,1216,842,1889,1481
337,17,149,447,1177,637,1392,721
338,0,127,163,466,44,1182,497
339,0,20,0,310,331,847,646
340,39,164,183,278,155,1436,267
341,135,261,494,677,576,624,711
342,129,1913,1383,2017,551,1069,1466
343,0,88,156,264,584,1185,959
344,0,96,22,84,112,1102,267
345,0,473,541,485,289,996,466
346,211,1182,1559,1332,892,944,1537
347,335,476,988,1361,796,520,1578
348,0,140,166,653,339,1182,890
349,34,214,387,1164,197,1342,469
350,597,391,851,941,532,1075,2669
351,136,628,934,220,352,1035,578
352,39,82,148,294,142,669,424
353,454,2049,2301,2200,2070,295,1798
354,0,0,146,0,0,0,0
363,566,1462,785,600,295,449,1649
364,26,434,593,937,291,108,196
365,702,1300,2129,967,208,854,1752
366,246,574,501,1450,627,593,961
367,0,0,20,0,0,0,0
368,272,1663,1131,1035,500,648,1542
369,467,578,62,21,87,32,800
370,21,734,1265,1764,444,1360,238
371,286,1424,738,1244,76,111,1256
372,133,564,926,924,232,231,575
373,1257,1501,612,1458,9,9,1494
374,454,840,1597,786,570,153,340
375,306,736,143,577,669,783,1061
376,213,2143,2118,1445,0,226,681
377,172,71,240,838,175,124,190
378,0,9,0,0,0,0,0
380,71,362,476,492,0,246,218
381,144,299,259,914,119,152,247
382,75,707,1197,1178,670,968,1104
383,1641,4721,3146,2512,883,428,2194
384,50,182,422,643,225,563,936
385,230,2300,2317,1455,605,209,1198
389,927,1322,2698,1230,970,118,1467
390,987,5275,2374,1926,280,242,1414
391,316,231,60,0,0,0,96
395,0,0,0,0,0,93,0
396,673,1379,1258,850,190,217,691
397,447,843,431,492,458,287,573
398,767,2046,327,1120,263,222,523
399,0,581,312,516,63,146,550
400,1048,2530,3445,2313,872,434,2825
401,306,1770,2160,234,109,53,2122
402,275,936,1056,624,546,280,566
403,1178,2878,2260,1869,460,400,1677
404,78,1117,1027,383,483,73,849
405,14,169,527,1197,413,337,527
406,320,1904,660,761,326,201,1057
407,58,1723,428,1462,567,404,1034
408,0,74,0,959,0,0,67
409,496,644,908,360,133,283,253
410,537,690,670,1570,446,639,1243
411,436,1367,1950,1865,609,600,1640
412,65,1696,1983,1528,66,388,1542
413,113,647,1404,1188,269,427,883
414,97,651,553,1139,277,212,1196
415,204,126,586,260,51,84,96
416,45,211,32,0,0,0,0
420,48,118,241,1325,412,371,229
422,33,984,558,852,494,488,1023
423,350,362,221,637,435,404,648
424,29,499,1413,1138,1030,1961,1213
425,98,663,161,629,284,683,385
426,187,555,386,653,60,690,545
427,0,250,549,1307,1794,528,828
428,134,1105,209,2027,956,1089,1585
429,53,80,233,212,569,169,455
430,65,194,527,509,309,87,557
431,551,2198,2599,4143,1221,2449,3336
432,250,931,376,347,212,261,585
433,68,363,77,560,188,446,710
434,17,514,314,318,131,404,870
435,12,799,593,668,455,1517,1082
436,315,1190,1624,1502,343,485,887
437,66,128,211,578,798,1066,1002
438,69,426,175,354,514,899,745
439,99,552,576,573,508,1098,679
440,52,155,214,632,207,1975,1096
441,131,478,763,763,272,2255,495
442,74,752,354,1225,774,1055,891
443,935,1582,1019,2163,431,1841,1246
444,276,557,1223,854,398,601,896
445,137,45,328,321,111,126,174
446,343,837,909,744,618,86,1047
447,89,130,317,526,313,783,365
448,510,429,585,1703,455,514,478
449,113,423,175,272,201,384,19
450,1085,1810,1620,2862,1319,1666,2238
451,100,615,175,169,229,621,425
452,916,1592,1308,2106,1503,1761,1105
453,0,99,306,100,293,706,401
454,1221,1140,1068,2245,1547,2281,1541
455,18,184,773,329,209,444,382
456,207,386,128,1276,455,1031,802
457,301,297,352,695,408,1238,1327
458,83,405,147,458,127,1111,136
459,232,398,203,824,633,1503,531
460,115,589,437,950,893,1148,1067
461,227,675,527,998,432,471,835
462,11,282,54,487,295,1299,923
463,185,563,672,1152,630,1496,1216
464,104,713,331,1852,945,805,1201
465,304,367,531,916,335,244,260
466,140,61,45,804,646,367,518
467,562,2333,2106,2379,1042,2236,2111
468,51,328,365,385,219,812,352
469,386,707,112,664,500,502,537
470,0,431,497,482,371,557,589
471,299,1149,519,1120,404,689,470
472,79,250,489,1032,514,740,372
474,82,350,68,472,446,204,233
475,19,772,183,188,152,250,280
476,233,89,233,209,175,355,734
477,13,377,243,674,246,424,770
478,541,1297,737,1526,715,611,770
479,188,432,663,714,313,703,296
480,254,865,1281,1928,665,450,1386
481,82,1028,1308,489,62,854,959
482,149,1100,414,1640,452,801,1408
483,1087,1798,1557,2946,682,1177,1405
484,123,142,417,588,394,207,453
485,279,920,753,1518,479,477,1389
487,354,3326,1816,2372,579,235,1011
489,0,25,19,25,0,0,47
490,872,1719,1248,2016,820,247,1274
491,255,1240,1674,2083,751,786,866
492,23,35,0,0,0,0,18
494,424,1092,1117,1068,212,63,703
495,32,330,632,1053,270,288,279
496,130,175,831,672,116,39,608
497,281,2557,2307,1623,855,673,736
498,25,136,553,673,339,304,361
499,42,192,336,616,256,123,1151
500,39,166,748,927,0,110,393
501,0,707,500,951,202,0,418
502,106,1033,1092,1342,0,182,795
503,113,726,386,974,656,249,540
504,49,929,606,774,321,199,505
505,424,903,753,563,413,111,447
506,113,2724,870,704,123,197,655
507,26,516,531,798,1084,193,897
508,32,164,185,57,0,0,261
509,177,609,506,1047,455,115,498
510,554,1510,671,1311,35,416,260
511,99,187,60,0,0,0,58
512,152,2468,437,1281,0,242,590
513,44,1346,1007,194,141,561,773
514,307,609,491,1288,762,821,428
515,2073,5662,1237,802,130,90,1808
516,31,178,412,78,145,479,106
517,100,90,659,901,586,365,293
518,144,1136,940,747,373,839,786
519,14,804,382,1073,77,67,207
520,878,2329,710,1809,235,287,787
521,85,383,962,1057,545,603,500
522,21,2215,581,988,256,317,490
523,501,1368,3490,1390,703,198,1146
524,932,2339,1990,2736,362,20,1719
526,0,0,0,0,0,0,223
527,188,201,191,0,0,0,92
528,384,691,370,659,493,1169,690
529,0,140,216,189,0,0,12
530,12,166,247,128,73,0,36
531,1401,2582,963,3411,738,248,1787
532,436,1378,1126,1546,638,921,2106
533,7,394,727,408,279,69,479
534,35,100,706,941,214,195,455
535,47,445,1060,1564,655,263,510
536,1071,583,1371,2191,770,454,393
537,192,1762,824,1179,601,1007,1013
538,2517,3125,3031,1907,611,612,1634
539,29,298,532,761,275,908,409
540,22,168,326,518,361,1810,372
541,107,250,121,689,191,498,209
542,11,379,235,432,203,1329,744
543,264,1054,438,561,181,560,1050
544,7,757,542,859,328,1750,1080
545,256,2106,1324,1226,1267,1022,1461
546,116,178,189,587,530,1116,484
547,23,66,165,517,71,320,218
548,0,454,585,363,190,241,691
549,377,3059,792,573,359,444,371
550,29,329,397,114,35,189,56
551,55,172,50,103,313,359,103
552,914,2500,1387,1614,67,6,1356
553,0,279,203,399,78,176,251
554,69,426,479,614,764,1111,767
555,66,221,500,956,561,1028,631
556,0,0,43,126,0,0,0
557,6,157,588,741,146,102,179
558,108,233,164,708,0,66,107
559,1123,2422,1920,1288,211,1223,1279
560,996,2815,1410,1077,285,472,564
561,146,303,22,0,0,0,343
562,993,2168,1696,1140,217,108,1298
563,0,497,714,1255,416,395,800
564,0,0,55,175,0,93,0
565,0,475,763,761,268,1026,1061
566,0,51,17,89,0,75,303
567,0,59,36,606,49,438,160
568,42,707,1480,1844,621,764,1014
569,38,612,198,662,899,1775,738
570,105,214,982,1680,875,1981,1635
571,301,392,800,1703,1421,3095,1541
572,230,1352,1121,1627,1188,520,394
573,0,306,119,409,545,377,280
574,11,485,322,848,209,822,411
575,210,581,813,900,241,443,1280
577,169,790,48,263,19,70,387
578,107,1037,913,1965,402,64,778
579,425,1280,1401,2036,500,130,625
580,259,680,761,349,123,409,924
581,0,157,148,639,0,141,259
582,185,1003,878,1042,727,340,726
583,284,1010,382,772,276,116,787
584,108,167,266,755,16,421,602
585,64,868,1672,1921,189,523,863
586,269,1528,926,1356,1196,573,769
587,699,1182,1175,1935,1411,993,1571
588,143,1417,1371,2505,391,722,1444
589,85,13,35,42,0,0,76
590,560,1478,1574,1957,886,1476,1976
591,528,1862,2324,3090,1068,1920,3005
592,193,2478,2761,2495,674,859,1660
593,377,2138,1204,1847,356,488,818
594,798,822,560,911,88,328,427
595,506,2016,1700,1867,183,410,1241
596,37,444,607,873,165,498,808
597,109,805,599,1021,518,379,1387
599,53,244,20,108,0,0,189
600,969,4198,2550,4054,841,718,4270
601,118,3118,2336,1990,457,452,1437
602,53,356,528,475,165,294,518
603,45,364,258,453,45,352,598
606,362,1270,2082,1743,1337,807,2202
607,137,2091,264,501,444,243,1021
608,98,1035,1783,2607,370,134,1000
610,4,0,0,0,0,0,30
611,316,562,192,158,77,10,28
612,0,21,0,0,0,33,0
613,906,2838,774,2220,810,332,2373
614,0,0,15,421,0,0,15
617,6,690,1704,2146,540,1177,1438
618,37,686,841,1756,435,1054,1252
619,431,2105,1129,1711,204,0,2150
620,909,1904,3073,1553,646,626,1096
621,291,2946,2200,1657,775,85,1482
622,0,317,863,845,1123,1850,875
624,335,159,336,897,648,581,755
625,0,0,87,34,0,98,93
1001,0,0,0,6,0,106,6
1002,15,62,28,184,15,1029,672
1003,6,21,197,22,24,93,127
1007,0,3,0,0,18,0,0
1008,6,0,174,25,0,0,6
1009,0,0,0,0,0,0,6
1011,0,0,130,0,0,0,0
1012,8,42,0,8,8,12,12
1013,0,0,0,71,0,0,0
1014,0,0,6,0,0,0,0
1017,0,0,12,38,0,131,9
1018,0,0,25,0,0,51,0
1019,0,0,0,6,42,265,6
1020,0,0,0,6,0,0,0
1021,0,0,11,0,0,0,0
1024,0,0,25,0,0,54,155
1025,0,0,8,0,0,0,0
1027,0,0,0,0,0,0,9
1028,0,79,38,599,504,325,227
1029,0,157,815,1392,555,615,430
1030,0,31,31,467,261,1572,115
1031,41,285,320,440,481,672,645
1032,8,672,545,1462,416,766,1426
1033,0,32,0,0,120,743,282
1034,86,339,206,1397,752,2156,730
1035,58,287,722,2456,493,2645,1421
1036,0,29,365,549,628,1557,1100
1037,0,245,164,950,474,2429,1191
1038,0,119,548,1164,609,2195,1066
1039,40,330,1041,1152,929,894,1268
1040,0,221,44,967,1388,270,61
1042,0,0,30,0,0,0,57
1043,121,511,955,702,611,123,1243
1044,52,778,462,672,357,138,349
1045,0,146,322,617,0,87,153
1046,107,68,844,973,668,1624,1181
1047,0,78,385,659,172,1666,567
1048,0,23,0,0,227,0,0
1049,7,416,1213,1096,485,1332,1185
1050,4,379,150,1213,492,843,491
1052,73,203,938,600,699,1075,289
1053,0,0,0,0,0,28,0
1057,0,0,0,0,0,216,260
1058,0,0,0,0,0,0,28
1059,0,0,0,26,58,83,19
1060,157,1285,613,1859,1710,1405,1779
1061,207,668,419,1649,809,2811,547
1062,0,188,623,834,950,877,1057
1063,0,359,512,1473,1424,1584,1165
1064,0,0,42,107,91,824,74
1065,191,202,615,935,985,1305,341
1066,0,0,0,0,78,0,0
1067,15,177,63,615,246,539,486
1068,408,345,271,1020,581,1009,512
1069,10,782,861,2797,774,989,1505
1071,0,0,0,19,0,0,0
1072,0,1119,978,1888,437,417,1083
1073,0,0,0,0,0,0,49
1074,78,128,191,532,435,1210,549
1075,12,617,844,2049,1642,2429,2444
1076,52,350,972,979,478,917,882
1080,0,113,227,130,102,23,172
1081,110,106,32,156,223,259,326
1082,0,395,768,1360,726,1093,1092
1083,0,26,114,739,193,150,14
1084,9,63,197,621,690,231,483
1085,0,0,292,51,281,228,129
1088,0,0,49,613,110,0,340
1089,78,391,236,1413,65,716,504
1091,0,0,0,0,0,0,28
1093,23,163,153,857,1362,1226,762
1094,15,170,0,605,64,0,422
1095,226,1270,1253,832,982,1126,1042
1096,15,321,501,1767,756,1360,649
1097,55,228,1617,2139,2345,2757,1657
1098,0,0,0,55,0,351,0
1099,0,12,36,0,0,158,44
1100,0,27,9,112,0,478,166
1101,29,0,0,9,0,0,30
1102,0,48,22,0,12,66,34
1103,0,9,0,12,0,12,50
1104,0,0,0,76,0,40,0
1105,0,0,88,43,0,0,7
1106,0,418,917,1273,2326,5378,1555
1107,0,233,156,746,1442,3552,660
1108,0,0,0,137,0,0,0
1109,0,0,27,83,15,147,15
1110,3,241,288,127,158,463,827
1111,0,0,38,12,0,53,84
1113,0,0,0,0,0,26,89
1114,0,12,0,0,0,0,96
1115,0,38,15,12,0,0,15
1116,0,36,12,120,164,103,135
1117,0,253,424,1238,1331,1903,642
1118,0,0,76,66,255,704,204
1121,144,195,642,1325,1449,4089,1428
1122,8,463,813,511,384,1543,913
1123,21,760,893,1756,984,1442,1643
1124,18,178,652,1300,865,3095,2133
1125,123,999,1072,1934,2277,3075,2340
1128,17,27,351,506,464,897,138
1129,0,16,176,599,853,1990,670
1130,0,56,418,470,599,733,285
1131,15,127,134,131,169,333,353
1132,0,259,174,1012,212,898,901
1133,193,442,408,188,219,105,291
1134,20,192,270,418,928,2010,668
1135,9,379,229,715,664,306,1226
1136,14,73,374,616,226,1231,537
1137,0,120,291,409,117,401,138
1138,0,28,0,315,31,0,0
1140,551,840,698,606,991,447,609
1141,170,172,141,275,0,326,191
1142,49,57,419,419,240,101,257
1143,0,340,176,264,234,241,91
1144,0,15,15,268,100,1328,449
1145,472,218,182,892,481,307,413
1147,0,396,859,1056,497,1228,567
1150,0,0,0,0,0,0,119
1151,13,0,0,0,0,0,0
1152,0,28,0,0,0,0,0
1153,27,286,267,1137,1643,1729,638
1154,0,0,4,0,0,0,0
1155,0,0,0,302,0,0,0
1156,0,8,27,6,195,72,26
1157,0,35,0,39,107,50,66
1159,0,0,0,27,0,23,0
1160,8,0,307,15,0,12,0
1161,0,0,74,18,0,49,0
1162,0,0,0,23,0,0,12
1163,0,0,47,0,0,0,25
1164,0,0,86,0,12,0,12
1165,0,0,15,0,0,0,0
1167,0,0,0,8,0,36,0
1170,0,18,11,139,13,20,61
1171,0,8,41,55,0,0,0
1172,0,0,0,19,0,0,0
1173,9,355,649,880,377,1979,659
1174,0,0,0,0,98,0,0
1175,0,0,0,44,0,0,0
1176,0,7,0,15,0,0,39
1178,0,9,100,99,0,88,85
1179,70,398,257,232,217,637,541
1180,38,596,222,971,169,405,1417
1181,126,1498,1032,1861,1638,2753,1526
1182,128,113,212,1843,1088,3520,1014
1183,0,13,190,717,296,410,700
1185,0,242,312,431,464,460,438
1186,16,403,638,734,722,620,500
1187,568,2090,1199,669,335,718,1442
1188,266,1627,1566,3114,768,1575,2060
1189,0,565,541,2369,1379,2320,1189
1190,84,370,918,1570,773,1499,584
1191,0,182,96,157,212,581,115
1192,0,299,235,295,159,502,376
1193,287,794,377,938,159,117,263
1194,0,314,73,289,100,205,173
1195,29,161,130,224,0,0,145
1196,137,294,38,24,36,185,282
1197,31,421,1066,463,424,949,883
1198,279,479,128,55,193,0,320
1199,146,216,108,223,34,0,146
1200,358,1169,1016,897,674,873,1527
1201,100,651,866,880,324,494,1124
1202,97,552,380,1120,1033,1419,827
1203,0,120,179,776,8,223,488
1204,304,590,230,773,473,40,847
1205,0,15,25,0,0,0,9
1206,25,108,525,167,86,0,0
1207,267,1429,999,828,56,27,524
1208,61,367,58,120,44,0,125
1209,97,216,425,767,224,152,363
1210,417,625,770,1689,124,876,987
1211,53,485,396,1434,573,806,883
1213,44,412,401,875,216,23,1093
1214,6,196,379,427,0,25,212
1215,81,842,223,263,439,0,881
1216,177,740,724,781,839,365,645
1218,0,6,19,0,0,15,0
1219,197,2362,1264,536,0,0,458
1220,982,328,1721,1303,282,465,963
1221,197,410,247,543,59,55,390
1222,86,625,726,1825,314,148,513
1223,6,23,68,197,0,0,63
1224,0,129,152,332,60,0,0
1226,0,9,279,491,367,83,616
1227,0,0,110,86,0,139,153
1228,0,82,238,510,206,280,105
1229,0,32,16,574,94,292,122
1230,0,0,21,0,0,10,0
1231,0,0,0,0,32,289,0
1232,0,8,0,0,32,141,110
1233,4,23,32,191,57,155,85
1234,0,105,34,297,244,222,17
1235,0,46,22,0,64,166,83
1236,0,0,79,0,14,63,8
1237,23,125,85,779,77,277,387
1238,10,412,392,1463,547,1225,748
1239,0,15,8,32,0,0,0
1240,10,114,28,337,364,669,217
1241,0,572,1460,3640,2297,4048,1596
1242,0,122,203,272,149,456,164
1243,0,0,423,462,536,1487,381
1244,0,0,0,0,0,18,32
1245,0,15,0,0,0,81,71
1246,0,0,0,0,0,26,0
1248,0,10,0,0,0,0,0
1249,0,4,8,9,245,0,248
1250,0,15,139,131,63,0,0
1251,0,0,0,0,0,0,117
1253,0,0,125,403,112,427,151
1254,10,470,1179,1860,1029,2126,1377
1256,0,0,32,66,160,132,156
1258,52,364,940,1032,1271,3401,710
1259,18,97,140,1623,2020,1229,699
1260,40,278,265,265,124,307,78
1261,64,202,1205,1566,724,1722,1327
1262,0,137,499,1490,517,743,1159
1263,83,36,190,268,40,219,228
1264,5,192,338,189,51,14,350
1266,0,0,0,31,95,14,0
1267,0,0,12,0,0,41,0
1268,15,0,0,0,0,0,0
1269,0,4,46,0,0,0,0
1274,0,302,103,281,46,62,282
1275,0,33,24,38,0,71,0
1276,0,12,0,22,0,17,46
1277,18,0,17,326,17,83,181
1278,0,64,119,168,422,699,328
1279,0,72,101,791,17,0,178
1280,0,43,180,136,207,112,200
1281,0,123,52,126,0,516,105
1282,0,0,68,54,0,0,17
1283,0,23,0,0,65,0,27
1284,0,0,54,0,0,0,0
1285,0,68,82,0,0,0,0
1286,0,68,192,544,630,794,405
1287,41,69,113,1124,191,1363,685
1288,0,148,175,57,0,0,111
1289,0,26,74,555,339,536,592
1290,0,0,163,176,82,198,26
1291,0,28,0,0,27,141,68
1292,0,0,0,40,243,0,0
1293,0,0,44,44,27,601,26
1294,0,42,258,287,159,358,171
1295,0,78,341,382,162,189,231
1297,0,0,0,32,0,46,224
1298,0,0,0,50,30,74,102
1299,14,333,215,932,204,1229,955
1300,50,32,242,405,162,1021,209
1301,17,31,163,150,88,310,157
1302,0,24,40,652,0,46,76
1303,424,16,136,270,36,78,57
1304,0,280,164,356,306,630,383
1305,50,224,317,411,574,813,618
1306,0,0,8,104,72,225,178
1307,0,18,18,132,0,30,131
1308,23,30,0,27,233,0,26
1309,0,119,250,310,75,204,40
1310,20,106,74,268,25,370,234
1311,0,61,163,240,15,272,93
1312,0,42,88,307,188,798,333
1313,28,45,79,103,650,150,309
1314,0,110,0,277,408,616,387
1315,110,0,48,180,160,716,541
1316,0,0,79,0,46,675,47
1317,178,259,96,644,396,3056,657
1318,115,662,465,1122,619,1059,1010
1319,0,14,17,100,53,501,476
1320,34,28,92,173,36,280,10
1321,0,92,23,0,68,152,0
1323,0,0,19,360,0,0,49
1324,0,16,60,85,0,0,20
1325,189,454,286,608,275,270,647
1326,0,58,67,29,15,438,30
1327,0,44,0,0,0,0,0
1328,175,26,196,287,117,0,566
1329,36,164,0,36,0,0,38
1330,19,205,121,464,503,202,696
1331,0,91,0,580,193,417,76
1332,20,0,0,212,77,0,0
1333,38,30,98,134,193,259,0
1334,0,142,33,278,67,148,357
2011,0,0,42,0,0,0,0
2013,47,73,214,1198,707,904,503
2014,48,0,18,585,427,1357,181
2015,0,7,0,0,0,0,28
2016,0,0,21,83,0,58,281
2017,0,0,0,32,51,193,210
2018,0,57,0,29,27,356,50
2019,0,70,47,89,25,178,206
2020,0,23,0,215,155,113,117
2021,0,0,0,0,0,91,0
2022,98,707,1309,2399,2096,4447,3530
2023,41,279,374,477,687,1632,1201
2024,32,95,116,280,102,1453,533
2025,0,122,289,387,112,950,543
2026,65,117,14,348,358,682,557
2027,73,572,555,1502,578,794,2292
2028,29,244,864,576,1044,1667,1023
2029,16,19,96,130,23,0,0
2030,135,205,513,481,378,289,380
2031,13,0,13,0,0,0,0
2032,0,0,0,0,0,40,0
2034,0,0,0,0,0,0,52
2035,0,0,172,248,32,61,66
2036,0,0,241,499,112,291,553
2037,0,0,15,0,0,0,0
2039,0,140,0,30,0,0,93
2040,0,82,13,579,206,99,664
2041,0,36,0,282,17,315,953
2042,0,356,291,446,376,1317,1074
2043,0,125,182,103,0,83,242
2044,0,0,151,47,36,352,205
2046,0,0,0,0,0,176,25
2048,21,0,0,59,0,0,0
2049,0,0,0,42,0,35,0
2050,0,21,15,0,0,115,0
2051,0,0,0,43,201,177,298
2053,0,286,324,1035,1041,2929,1485
2054,0,263,93,1421,1655,2345,2347
2055,46,1156,920,3197,1517,3056,2413
2056,0,52,140,132,155,696,355
2057,33,284,360,512,512,2354,1463
2058,143,292,952,691,348,1103,1604
2059,0,191,49,177,116,398,395
2060,20,263,844,665,953,1749,1977
2061,0,125,244,545,196,146,749
2072,0,310,866,1966,1384,1869,1531
2073,78,177,254,1252,941,889,783
2074,0,0,0,191,77,271,99
2075,0,0,0,0,0,0,14
2076,0,0,0,0,0,77,0
2078,148,454,1402,2534,865,1566,2892
2080,0,379,243,599,281,143,247
2093,0,0,132,37,177,0,54
2096,0,25,0,0,0,89,0
2097,0,17,0,177,120,67,17
2098,331,932,1292,2767,1688,1222,1737
2099,47,116,703,1313,493,1561,609
2100,244,166,1116,1866,365,998,847
2101,0,728,1183,2217,2587,3713,2247
2102,0,0,0,96,0,20,0
2103,0,0,0,0,0,0,78
2104,0,78,404,1001,652,2300,1180
2105,0,5,363,95,67,168,343
2106,0,0,0,26,0,33,53
2107,40,290,479,824,863,959,1529
2108,8,339,795,1649,1822,4086,1306
2110,40,114,898,1727,1067,1342,624
2111,0,114,0,385,298,228,155
2116,0,51,20,266,53,64,757
2119,0,97,14,0,0,0,0
2120,32,463,739,1814,516,688,990
2121,238,703,1343,1444,1035,588,1385
2122,0,624,1006,1157,406,1110,2099
2123,206,260,330,830,908,1349,1579
2124,131,293,390,865,188,115,779
2125,140,912,712,669,102,597,938
2126,26,36,521,34,26,1619,476
2127,0,554,119,484,152,1998,946
2128,36,312,400,1175,753,3522,867
2129,0,205,340,780,982,1948,1285
2130,0,11,225,60,39,712,327
2131,181,197,103,532,663,1321,793
2132,0,46,370,317,503,1538,509
2133,123,154,586,1044,703,2286,1286
2134,0,0,0,0,164,1119,10
2135,54,222,87,764,624,2002,964
2136,0,11,56,125,157,594,244
2137,0,0,0,22,35,160,96
2138,0,26,0,0,0,0,0
2139,43,565,486,1339,482,981,884
2140,0,136,42,348,0,245,21
2141,154,755,1223,1717,835,2529,2033
2142,75,378,618,1069,757,1426,1314
2143,26,117,316,603,424,1343,710
2144,0,0,0,246,195,363,956
2145,0,65,80,14,65,140,45
2201,15,0,0,0,0,0,0
2202,0,0,213,0,182,138,282
2203,0,71,176,78,201,453,426
2204,0,311,14,309,315,551,411
2205,121,51,39,588,567,954,851
2206,156,199,290,915,700,1073,627
2207,80,581,216,459,276,364,509
2208,11,194,237,892,526,605,952
2209,132,369,852,1299,366,1138,868
2210,0,15,471,236,415,1077,327
2211,69,211,109,246,92,532,263
2212,0,255,0,428,246,1680,1076
2213,83,545,531,741,348,955,427
2214,99,102,109,440,745,1494,556
2215,0,27,180,1257,333,1022,606
2216,17,110,406,914,1009,1750,1986
2217,71,0,326,847,316,339,1281
2218,0,404,493,1395,1323,1924,1043
2219,0,7,6,238,6,802,511
2220,0,425,391,478,696,814,316
2221,30,181,394,348,475,820,560
2222,43,216,279,1104,543,2548,2126
2223,0,0,0,361,104,336,31
2224,0,200,82,147,445,697,758
2225,107,94,149,590,190,391,583
2226,31,391,240,731,1490,1658,490
2227,0,0,173,0,211,751,246
2228,0,0,25,62,196,158,148
2229,40,189,210,619,295,464,432
2230,46,322,359,218,69,834,414
2231,55,187,114,281,585,351,302
2232,387,262,517,1431,894,1638,971
2233,0,0,16,178,0,0,54
2234,0,77,33,0,106,33,129
2235,0,96,74,905,529,1858,637
2236,255,684,705,1373,338,905,491
2237,110,545,660,705,383,308,435
2238,138,165,714,444,107,1178,550
2241,250,1093,718,595,218,687,874
2242,100,233,889,758,656,391,678
2243,60,16,282,356,155,304,383
2244,451,1140,1495,1856,744,1038,1484
2245,97,1183,2053,1082,279,1285,1068
2246,217,295,453,511,54,233,253
2247,85,263,257,1010,470,634,871
2248,367,1194,1077,1952,840,1685,1673
2249,10,82,23,11,14,97,12
2251,190,378,883,778,563,1146,907
2252,195,168,528,1215,776,1712,1311
2255,0,168,836,606,631,2288,1767
2256,0,70,250,257,302,1097,983
2257,390,1792,984,2204,1535,2551,1725
2258,332,631,857,999,931,2067,1484
2259,0,0,55,31,0,0,0
2260,0,0,0,0,0,0,15
2261,0,122,0,67,0,71,463
2263,0,0,0,49,0,0,0
2264,0,20,0,0,0,0,0
2265,0,0,0,0,0,0,18
2266,0,0,0,0,0,85,58
2272,195,194,272,292,0,221,401
2351,413,512,837,331,494,181,931
2352,0,120,119,566,156,372,1090
2353,55,1365,419,552,983,423,429
2354,0,52,244,1081,34,166,402
2355,0,8,0,42,55,229,34
2356,121,460,188,800,474,597,461
2357,16,138,277,348,288,70,559
2358,13,158,118,324,102,607,86
2360,0,36,178,218,187,693,72
2361,23,0,0,0,0,12,0
2362,218,873,719,923,622,1944,1312
2363,153,366,143,1078,767,417,480
2364,27,0,44,488,45,227,681
2365,66,202,149,530,882,524,296
2366,19,348,562,1349,882,1196,719
2367,460,101,128,229,438,1958,1432
2368,482,1012,863,1625,319,632,1038
2369,0,15,0,0,0,0,0
2375,0,47,12,88,75,113,124
2376,171,546,559,775,588,559,628
2377,99,561,452,1440,398,1094,1125
2378,6,130,210,440,275,1142,598
2379,31,0,0,0,0,0,56
2380,0,274,287,616,251,1382,774
2381,0,77,0,0,0,0,0
2382,13,0,28,217,132,1007,226
2383,223,489,458,845,711,1273,1351
2384,40,145,235,374,359,1623,809
2385,0,93,0,68,0,56,228
2386,346,460,428,587,332,1472,1690
2388,418,1277,854,879,246,320,209
2389,0,0,0,44,25,20,0
2390,611,278,452,568,174,76,235
2397,70,221,1175,417,340,559,1278
2398,0,494,1005,385,773,637,647
2399,608,483,998,1377,327,0,522
2402,20,135,298,535,0,0,129
2405,167,648,1243,884,357,519,729
2406,0,0,122,0,0,0,33
2407,0,0,192,0,0,124,0
2408,42,1101,581,377,478,1149,1121
2409,13,197,266,567,391,1296,798
2410,94,174,64,515,439,1151,900
2411,0,355,334,347,121,414,549
2412,0,312,275,179,126,632,386
2414,3,7,0,0,0,0,38
2415,0,14,11,7,0,0,55
2416,0,3,0,7,7,0,0
2417,183,1052,1173,2053,1726,1963,2244
2418,564,1632,1181,2966,1026,2664,2012
2419,131,546,349,1058,1574,2343,1237
2420,249,224,444,545,336,382,496
2421,13,0,45,0,0,0,0
2422,57,313,208,964,0,306,714
2423,606,580,510,1788,992,368,1757
2424,13,257,680,918,110,902,299
2425,262,1882,1528,1875,988,1102,2814
2426,459,2154,2052,1599,365,1142,1710
2427,574,2019,1425,3227,952,1579,2290
2428,248,2882,2605,2829,1076,1273,2175
2430,28,578,149,229,184,159,256
2432,117,502,355,361,385,305,723
2433,248,946,1077,2278,1070,1997,2368
2434,463,979,940,2225,1786,2206,917
2435,399,735,1541,3067,1200,1883,2003
2437,0,0,0,10,0,0,14
2438,0,7,137,70,0,101,27
2439,0,0,0,0,0,0,7
2440,108,1138,1442,1468,1139,2275,1669
2441,31,898,508,1927,864,1110,918
2442,115,291,364,1108,816,2254,1026
2443,21,96,473,287,348,1317,636
2444,0,432,177,670,326,391,472
2445,66,106,114,390,724,937,855
2446,0,0,102,68,175,69,234
2447,0,173,156,716,424,1546,425
2448,17,50,405,948,532,1331,858
2449,107,1149,634,2183,1239,292,1096
2450,0,0,0,0,128,0,15
2451,18,577,1602,2087,1160,1360,1978
2452,0,0,25,26,0,0,0
2453,0,0,114,679,181,167,151
2454,46,563,1124,3163,1438,2460,1389
2455,145,650,599,1287,862,1199,1046
2457,95,77,356,877,1133,230,521
2458,0,0,0,0,0,0,3
2459,0,0,0,0,285,0,0
2460,0,0,0,59,0,0,0
2551,0,20,0,223,145,67,672
2552,0,308,270,348,527,1087,912
2553,0,83,290,522,722,2898,1445
2554,63,1161,569,1517,753,1074,1329
2555,0,527,926,1024,358,1240,1102
2556,0,0,47,211,98,770,901
2557,40,284,154,275,118,0,277
2558,28,271,339,469,529,1530,615
2559,0,0,0,20,0,0,19
2560,26,338,677,2327,740,1592,971
2561,0,139,46,233,129,190,457
2562,0,12,0,41,0,0,0
2563,0,242,171,357,474,736,230
2564,0,36,59,125,60,853,158
2565,0,0,9,126,0,209,16
2566,0,0,12,183,167,303,1072
2567,0,0,0,0,0,9,0
2568,0,0,0,25,9,527,378
2569,0,285,1072,1173,750,3269,1800
2570,121,129,154,698,489,660,432
2573,0,0,0,9,0,77,0
2574,0,0,0,0,0,26,0
2601,0,57,237,169,30,448,312
2602,25,199,149,1104,545,744,261
2603,419,340,152,935,1416,1776,907
2604,0,95,68,219,369,325,423
2605,83,122,408,297,309,1689,1412
2606,0,0,53,152,0,119,55
2607,0,117,1336,1398,791,1874,442
2608,99,321,602,822,1227,1028,514
2610,122,35,249,1189,553,1819,951
2611,9,692,189,898,775,345,590
2612,19,74,33,143,139,127,39
2613,125,563,532,912,258,1051,471
2614,0,260,161,667,440,178,535
2615,131,313,508,414,116,710,337
2616,13,220,286,1126,587,1575,369
2617,0,54,235,289,276,924,123
2618,104,428,639,1322,439,2481,1432
2619,69,615,553,1751,1173,2146,1655
2620,29,219,610,270,388,575,586
2621,182,236,434,520,632,331,571
2622,353,413,74,921,727,1607,1587
2625,115,482,447,697,520,1709,1064
2651,0,0,37,20,0,127,17
2652,0,64,0,77,621,407,253
2653,0,77,77,370,213,1180,362
2654,0,0,37,0,0,0,68
2655,0,0,28,90,31,184,36
2656,0,0,0,498,291,164,201
2657,0,0,0,34,0,141,0
2658,0,0,0,0,0,0,27
2659,0,219,339,261,252,1419,2369
2660,0,0,99,20,27,54,27
2661,0,0,0,233,117,217,31
2662,20,0,57,98,381,1395,165
2663,0,71,0,0,0,0,40
2664,0,149,297,360,152,250,571
2665,0,0,77,0,0,0,0
2666,0,0,16,363,303,679,462
2667,43,23,0,306,0,373,391
2668,0,0,0,0,0,29,0
2669,0,27,46,114,347,330,214
2670,0,0,0,87,24,344,113
2671,16,16,254,148,298,524,383
2672,161,38,16,907,304,645,525
2701,22,69,0,0,0,0,83
2702,67,0,141,70,250,919,907
2703,0,0,0,0,0,0,56
2704,0,24,226,544,172,981,814
2705,0,0,53,28,28,499,208
2706,43,0,25,123,0,154,192
2707,0,0,0,146,0,0,0
2708,98,198,338,1301,889,1488,884
2709,271,105,449,1286,293,852,627
2710,6,320,1401,3788,1422,2304,2367
2711,180,75,91,0,185,454,248
2712,5,67,1077,738,582,1232,567
2713,0,672,1021,1517,573,1559,212
2714,0,0,131,139,75,0,120
2715,0,27,33,33,0,555,63
2716,0,0,27,0,0,0,165
2717,0,67,139,623,157,1231,529
2718,0,186,174,234,290,684,805
2751,39,0,48,388,189,145,299
2752,0,9,182,6,208,105,134
2753,0,0,0,0,113,0,0
2754,0,9,0,0,0,203,99
2755,0,21,63,241,209,977,644
2756,187,0,41,12,0,30,160
2757,0,0,5,0,31,0,0
2758,0,0,0,144,0,265,0
2759,0,0,0,204,0,501,206
2760,55,576,483,771,798,1426,1159
2763,0,0,0,0,158,307,0
2764,0,48,0,40,0,0,0
2765,0,16,0,186,117,76,0
2766,0,5,0,69,0,0,0
2767,0,0,0,0,0,209,0
2770,0,0,0,0,0,178,0
2771,0,0,0,123,0,0,0
2772,0,40,0,93,139,956,251
2773,0,0,16,0,0,0,0
2774,0,0,60,82,103,610,126
2779,7,0,43,34,35,89,190
2780,0,38,6,359,69,231,102
2781,11,177,165,261,306,371,427
2782,0,33,97,171,175,110,511
2783,98,122,471,610,611,2046,501
2852,27,166,562,1199,256,125,198
2853,0,160,485,594,312,380,249
2854,25,816,578,573,847,651,251
2855,10,539,392,429,621,625,692
2856,0,5,0,9,0,0,120
2857,6,20,63,164,0,45,68
2858,0,0,55,26,29,0,77
2859,181,513,196,773,465,2462,368
2860,9,124,56,497,116,639,243
2861,63,864,699,1550,221,846,1029
2863,10,169,119,514,1573,315,532
2864,0,128,15,429,511,165,134
2865,0,0,0,0,0,0,25
2866,0,25,107,457,359,160,214
2867,72,69,176,521,239,303,851
2868,354,490,750,1274,531,741,463
2869,89,120,140,441,362,275,253
2870,10,54,10,105,163,123,158
2871,20,45,177,53,360,207,328
2872,0,19,23,55,29,223,29
2873,0,109,237,862,121,29,108
2874,0,0,20,43,86,240,68
2875,53,29,25,23,0,126,23
2876,19,97,108,519,254,81,288
2877,0,142,49,276,298,35,64
3001,0,0,22,177,0,0,48
3002,0,29,25,132,130,397,36
3003,0,0,0,130,91,131,88
3004,0,0,0,0,0,402,0
3005,0,12,144,0,0,0,25
3007,0,191,190,256,353,636,377
3008,0,7,152,562,337,319,162
3009,0,0,0,166,0,0,0
3010,0,104,236,1512,448,1894,1086
3011,0,76,0,134,0,341,59
3012,0,0,0,48,75,0,0
3013,0,0,169,0,0,0,0
3014,0,0,0,0,0,27,0
3015,0,138,49,51,149,0,403
3016,0,41,25,0,0,0,78
3017,0,50,0,0,30,293,50
3100,0,114,114,346,506,1063,449
3101,0,18,0,163,0,56,287
3102,14,111,46,170,978,1609,328
3103,37,6,42,56,0,314,427
3104,0,8,37,131,104,659,258
3105,0,68,47,48,271,261,140
3106,0,0,0,112,56,268,21
3107,0,30,16,283,297,76,149
3108,0,38,21,12,163,230,91
3146,0,184,185,103,321,36,167
3151,0,49,103,559,19,324,144
3152,71,14,0,221,57,124,815
3153,0,168,640,1147,779,493,767
3188,0,0,12,81,20,21,161
3189,0,16,201,115,173,29,154
3190,112,211,432,643,505,1290,1159
3192,80,118,260,1617,1220,1477,1646
3193,54,69,384,1299,2140,1772,1336
3194,36,280,405,584,516,1301,1344
3195,0,52,63,43,244,810,28
3196,0,34,25,216,826,335,472
3197,4,208,235,575,164,1870,457
3198,0,0,18,117,48,159,32
3199,12,291,472,306,438,1581,278
3323,0,49,311,730,417,2381,1954
3324,973,2795,1894,2782,833,1149,2996
3325,1188,1361,780,1320,745,512,1582
3326,0,7,23,253,7,478,60
3331,0,0,0,0,0,0,185
3334,0,0,483,1185,237,68,395
3335,0,449,359,1895,81,120,246
3336,0,0,132,228,0,329,0
3337,122,2137,3500,7255,2156,1594,3934
3338,0,255,453,541,160,271,91
3340,0,24,24,0,0,0,0
3343,0,64,0,0,97,0,0
3344,20,505,900,586,201,303,112
3345,32,443,620,267,643,524,163
3346,875,388,1184,1737,469,1372,1675
3347,388,578,731,748,257,404,376
3348,7,81,101,197,24,618,379
3349,0,46,160,388,86,68,59
3350,89,160,95,45,83,119,230
3351,167,456,215,304,164,199,431
3352,111,1103,424,508,31,139,90
3353,0,0,0,126,0,0,0
3354,116,459,1033,1983,916,1284,539
3355,1286,1190,2564,1657,324,521,1141
3356,50,801,1161,2631,981,464,1632
3357,688,2613,1311,813,107,0,468
3358,21,360,1014,1767,594,311,297
3360,170,945,742,1177,1017,617,829
3361,6,1517,1062,1740,457,422,430
3362,0,47,393,265,306,238,212
3363,160,1013,1573,2797,742,763,1531
3364,61,653,1827,2901,1005,466,1336
3365,288,262,467,3263,1105,919,1663
3366,561,165,1349,3534,765,846,2171
3367,269,1878,1833,2008,519,227,1702
3368,51,937,1024,1547,866,2660,1991
3369,32,768,1962,3812,2102,1502,1581
3370,4,447,1986,2116,685,756,1245
3371,21,1145,2383,3079,580,1129,2238
3372,96,516,1479,1152,2546,1297,1380
3373,14,490,1557,2754,1470,1094,1560
3374,0,148,43,918,529,373,658
3375,863,605,2889,5766,2740,2094,3337
3376,553,672,1674,3376,646,742,1904
3377,0,503,328,881,389,904,606
3378,224,159,613,2123,537,1604,1505
3379,81,610,1160,2591,797,496,675
3380,5,745,2181,5889,1270,2267,2051
3381,0,351,50,164,87,390,385
3384,0,24,664,1625,343,293,1092
3385,0,720,2694,2133,295,1340,1311
3386,0,1676,3295,4280,1814,1627,2240
3387,0,125,56,148,153,125,231
3417,114,387,1016,1567,1008,268,487
3418,28,1306,2047,2623,1400,1591,2701
3419,71,1993,3481,4333,1841,1068,2675
3420,0,812,941,1649,1032,1202,824
3422,13,0,0,0,0,0,0
3424,0,0,0,0,0,15,0
3425,17,276,581,495,241,251,285
3426,0,0,0,0,0,0,78
3427,31,0,3,178,0,231,20
3428,0,0,0,0,0,254,46
3429,0,387,759,1751,998,1279,1589
3430,41,285,510,700,1701,1984,1138
3431,0,653,859,1708,908,1040,416
3432,46,378,1056,2092,1052,1155,1051
3433,0,0,0,0,7,0,0
3434,34,1378,1318,3863,1181,1562,1173
3435,0,128,141,226,234,319,168
3436,0,1430,2067,3173,1797,1420,1966
3437,0,161,139,80,0,63,63
3438,0,0,0,14,0,0,0
3439,0,576,250,970,134,134,305
3442,0,199,371,1087,878,1777,1039
3443,0,0,0,720,733,476,559
3447,148,317,612,1049,554,1224,691
3448,26,364,529,1326,1483,1140,1708
3449,81,648,846,789,400,816,537
3450,0,16,0,0,0,0,0
3452,0,0,0,120,14,12,7
3453,0,0,0,0,50,105,0
3456,0,229,1562,1851,1571,566,1108
3458,97,381,611,1810,203,522,1204
3459,51,871,434,1131,1975,1393,1404
3460,17,77,678,924,677,2209,703
3464,0,352,224,1028,659,1186,691
3465,10,33,116,155,231,602,315
3466,18,167,521,945,513,267,397
3467,216,1115,799,1949,1147,1203,939
3468,0,70,1070,1086,39,1410,1874
3469,82,196,862,491,154,2353,274
3470,0,0,0,61,231,38,234
3471,0,0,67,0,0,11,51
3472,0,9,107,125,0,0,11
3477,0,7,5,14,21,187,56
3479,0,0,12,93,105,160,317
3481,0,350,602,393,516,703,345
3482,0,622,770,1067,380,296,286
3483,8,0,12,1043,325,257,125
3484,138,851,208,1456,641,506,971
3485,0,0,696,967,511,388,592
3486,9,72,1145,1249,556,466,868
3487,0,557,890,701,479,530,336
3488,54,451,231,161,196,22,184
3489,0,21,184,134,65,198,98
3490,122,52,24,155,4,9,74
3491,216,143,491,494,55,307,584
3492,0,134,222,583,230,80,281
3493,32,354,1005,1407,753,146,2172
3494,64,295,370,392,629,783,352
3495,46,49,318,1226,83,212,246
3496,113,753,789,1717,654,526,1394
3497,78,66,0,92,0,0,0
3500,5,76,675,382,578,955,444
3505,40,405,605,1719,719,1180,561
3506,23,408,548,1217,19,592,881
3510,0,125,197,357,56,19,308
3511,87,262,872,1141,840,349,925
3512,0,218,693,207,201,195,81
3515,140,973,1142,1499,122,535,467
3516,0,236,857,612,1120,533,1278
3517,9,13,2106,1454,1110,1763,1881
3518,0,739,1300,2352,1119,277,406
3519,0,0,415,1894,152,239,270
3520,0,17,71,164,0,237,48
3601,0,100,22,151,108,144,78
3602,133,733,614,1936,1174,2013,1714
3603,61,323,257,694,880,2046,1366
3604,144,956,301,1977,613,1983,2849
3606,410,914,1388,3390,1310,2894,2800
3607,277,1468,1953,2703,1292,1206,2374
3610,288,431,280,1250,64,737,898
3614,189,948,1345,3032,704,264,1635
3615,19,205,1076,2891,2957,4700,3374
3616,50,503,1245,2118,1678,3285,2612
3617,0,135,397,1227,1408,1874,1205
3618,16,97,548,436,453,874,494
3619,26,272,1240,2177,1764,2755,2053
3620,151,982,1966,4691,2101,2733,1917
3622,67,288,488,566,320,1031,767
3623,0,232,113,394,554,885,342
3627,0,1157,96,52,0,0,19
3628,427,820,1708,1539,461,643,733
3629,262,1758,1705,1906,398,414,1260
3630,156,366,2467,1954,126,114,1592
3631,71,0,15,0,0,229,475
3632,0,26,44,186,0,0,34
3633,0,25,32,4,137,128,177
3634,47,18,47,0,0,0,0
3635,0,108,371,850,655,1350,1151
3636,320,344,885,1790,532,1111,505
3637,52,164,377,1019,652,1124,779
3638,52,166,325,999,903,1014,1203
3640,274,344,369,1321,1013,2170,890
3641,385,578,574,1122,365,2189,1077
3642,117,479,656,942,228,1333,819
3643,102,649,410,1373,501,857,847
3644,0,754,707,1379,38,741,990
3645,0,146,134,280,238,1756,550
3646,417,120,169,685,282,4769,1556
3647,0,47,125,141,117,1499,1000
3648,56,245,182,1100,1082,2025,1632
3649,47,439,804,1973,1578,2719,1035
3650,46,385,793,1271,1172,2165,1612
3651,0,227,115,337,400,3124,855
3652,32,181,41,132,459,796,365
3653,614,2954,1846,2352,777,1062,2279
3654,23,105,658,919,294,2193,838
3655,229,289,788,1383,622,984,1450
3656,19,545,523,332,634,952,948
3657,319,2024,1021,1733,304,229,1572
3658,15,143,410,255,37,36,648
3659,381,667,237,483,163,606,695
3661,0,24,27,22,0,0,0
3662,6,584,1197,1783,750,1038,1286
3663,441,561,516,767,434,1079,887
3664,961,2098,2156,1782,700,947,3102
3665,194,355,201,1556,282,411,512
3666,138,297,48,33,39,105,178
3667,110,139,268,645,58,44,246
3668,253,826,1618,1886,880,1400,1304
3669,265,1857,1451,1075,1521,1737,2792
3670,744,1469,1504,1465,1203,627,1331
3671,695,1052,1327,1989,656,616,1253
3672,112,390,659,899,254,973,994
3673,25,140,155,466,390,289,673
3674,202,709,800,2336,719,943,1232
3675,404,2061,2441,1955,710,1024,1729
3676,245,67,506,897,364,557,1252
3677,113,281,510,324,450,1362,765
3678,302,409,1491,2881,788,1717,1412
3679,493,1001,448,902,518,328,389
3680,281,760,1240,1945,1223,752,825
3681,27,246,686,691,889,1194,731
3682,22,795,284,1204,650,1575,1292
3683,4,414,314,740,418,1267,984
3684,19,80,394,670,310,1300,700
3685,744,1936,1462,2891,1852,1929,2246
3686,234,695,851,2566,1400,1616,1550
3687,109,502,564,1365,509,943,693
3688,177,650,1131,1523,1157,1976,1350
3689,449,619,819,1314,1015,871,1489
3690,203,1125,2054,4467,2994,2859,2088
3691,741,1076,1047,4465,1707,2507,2172
3692,0,162,15,81,176,245,36
3694,0,759,612,2102,1229,2956,1727
3707,0,45,11,39,48,43,875
3711,0,150,350,277,29,0,0
3712,91,542,716,903,26,152,1294
3714,458,1002,1073,1578,1355,2055,1557
3715,62,479,485,1031,865,1567,1133
3716,308,1623,1723,2371,1497,1413,1832
3718,0,437,655,802,293,1140,684
3719,192,1452,1462,3511,2043,1298,1968
3720,139,88,58,157,189,677,406
3722,153,140,422,768,340,1122,285
3723,213,149,123,569,448,19,144
3724,15,720,400,818,287,374,834
3809,247,1568,1688,3942,2058,1580,2263
3810,339,1654,2691,3158,3410,4469,3398
3811,614,773,771,3441,1083,1452,1253
3812,777,1007,1350,1592,1331,2222,1593
3813,20,151,775,651,226,1418,948
3814,74,822,580,818,616,480,611
3815,0,66,101,39,62,74,36
3820,343,746,1278,1367,509,129,524
3829,135,751,230,640,0,0,536
3830,420,1510,2919,1442,83,0,1251
3832,16,368,370,206,28,74,264
3833,107,67,352,195,0,131,527
3836,88,514,165,276,197,0,124
3837,0,173,89,448,0,47,27
3838,213,584,533,604,171,284,188
3840,112,372,398,346,142,238,498
3841,425,412,1116,1422,414,545,1213
3842,287,408,566,1104,379,274,585
3843,0,0,0,16,0,0,0
3847,0,19,53,12,24,121,219
3852,142,584,184,900,226,486,476
3853,496,160,123,78,0,77,18
3854,5,428,468,555,58,129,133
3855,134,105,50,651,158,84,672
3856,36,164,460,458,69,22,114
3857,0,117,736,36,235,46,227
3858,0,0,50,47,95,56,66
3859,193,0,70,37,0,0,166
3861,11,674,730,367,241,0,272
3862,162,743,97,447,203,137,68
3863,1034,2049,1763,2905,2050,221,1703
3864,673,1166,1841,1927,840,392,717
3865,157,118,463,912,299,109,246
3866,317,1280,568,608,219,163,943
3867,654,2531,947,1534,125,60,912
3868,143,934,613,191,154,359,315
3870,100,1204,938,720,0,21,538
3872,105,136,310,333,74,118,249
3875,0,32,0,0,0,0,293
3876,0,0,38,33,0,0,44
3877,387,578,314,1115,215,980,1300
3878,0,166,100,385,39,23,191
3879,35,180,643,606,183,357,589
4001,95,704,628,1178,929,4570,1265
4002,0,37,0,0,26,0,0
4004,26,97,270,534,250,1253,736
4005,227,536,779,1087,571,1967,1827
4006,24,63,0,76,115,1557,372
4007,14,245,777,1317,683,1164,1243
4010,135,258,180,226,175,417,380
4011,204,480,176,613,818,2300,931
4012,348,694,1266,1555,459,471,272
4013,54,38,277,9,332,304,303
4014,0,144,48,189,200,83,221
4015,0,52,121,70,38,603,188
4016,17,113,247,295,77,229,329
4017,0,0,0,250,28,1651,243
4018,86,0,40,732,129,2160,684
4019,14,14,0,0,0,25,0
4020,41,131,77,1034,459,2895,1795
4021,0,33,0,61,81,0,28
4023,20,540,286,1422,678,3028,1471
4024,0,0,0,0,0,115,17
4025,0,194,164,865,409,2401,1496
4026,0,250,188,703,901,621,556
4027,0,0,0,372,0,77,160
4028,0,0,101,222,339,566,305
4029,293,415,470,1213,323,1174,1358
4030,51,458,186,452,429,1355,475
4031,0,472,396,1118,454,1541,694
4032,163,201,132,423,29,1080,489
4033,125,648,402,708,716,4369,1816
4034,86,21,39,270,393,747,1634
4035,70,268,356,1046,246,646,588
4036,245,646,140,800,376,952,1109
4037,28,192,402,1352,969,4104,2116
4038,0,248,232,932,366,1773,1023
4039,95,944,1150,1243,1549,4270,1885
4040,39,384,301,1158,695,1213,922
4041,37,174,576,1447,291,3751,2076
4042,44,464,212,778,454,3017,2005
4043,0,0,0,0,0,0,15
4045,39,300,854,792,1062,3681,2065
4047,0,0,0,0,0,5,0
4048,0,0,79,0,0,0,0
4049,0,0,42,0,0,0,0
4050,0,104,152,63,256,367,96
4051,109,485,518,962,241,718,738
4052,37,117,251,154,190,241,373
4053,30,167,306,210,109,55,85
4054,79,266,176,345,657,1052,379
4055,166,488,1142,1232,847,889,801
4056,0,33,16,31,14,0,48
4057,484,703,1102,1683,1338,1541,1190
4058,0,282,169,269,160,112,147
4059,82,283,880,793,619,1440,521
4060,54,1012,1137,1030,836,885,940
4061,306,424,163,792,250,721,548
4062,64,235,338,1241,156,1042,561
4063,0,176,0,0,0,0,31
4064,68,887,725,1301,271,693,1059
4065,78,168,53,253,47,1105,405
4066,0,276,61,202,159,855,270
4067,0,76,197,541,542,835,416
4068,0,0,19,219,93,0,0
4069,0,56,0,573,527,288,104
4070,0,170,484,362,15,891,764
4071,20,253,264,395,939,688,364
4072,0,0,14,154,337,1673,345
4073,0,64,148,297,232,1067,284
4074,51,370,693,831,346,1333,1171
4075,46,345,287,718,685,1236,849
4076,105,514,192,1740,1758,2201,1926
4077,0,19,68,85,30,24,77
4078,30,240,551,738,305,530,1645
4079,28,69,1180,2826,2358,4927,2201
4080,16,610,567,1348,771,3606,2059
4083,178,533,399,2337,1523,1145,1174
4084,308,471,906,2269,1762,5498,2135
4085,0,280,194,1501,557,978,619
4086,0,362,133,613,37,163,189
4087,0,269,641,1174,30,323,245
4088,15,283,466,736,693,1509,767
4089,117,683,1455,2242,1552,3047,1910
4090,0,63,188,478,159,574,773
4091,0,265,199,158,115,240,238
4092,0,38,30,206,136,392,340
4093,0,9,67,117,0,132,110
4094,0,0,0,0,40,74,30
4096,0,5,24,0,0,108,79
4097,30,93,42,414,0,156,262
4098,0,29,30,92,108,687,55
4099,0,325,19,32,10,129,0
4100,0,0,37,0,0,296,102
4103,180,584,801,2227,1006,2381,324
4104,0,0,419,35,42,155,0
4105,255,767,1635,3419,2195,2045,2600
4106,0,0,18,0,0,0,0
4108,297,280,566,2071,1258,2203,579
4110,116,773,1866,3945,2859,5161,1868
4111,0,0,0,30,0,0,29
4112,0,0,0,0,0,0,82
4113,0,0,0,19,142,0,0
4114,0,0,0,89,40,0,22
4118,0,36,272,282,165,383,163
4119,238,496,838,3775,1016,2226,1031
4120,49,761,990,3739,2577,3528,1500
4121,0,19,0,15,37,120,63
4122,0,0,0,37,0,0,0
4123,0,336,925,935,773,1236,698
4124,161,388,354,889,523,929,1062
4125,11,744,663,925,1370,1205,856
4126,10,357,329,868,232,815,382
4127,27,713,859,3027,2013,3938,2025
4128,0,0,0,16,0,0,0
4129,0,0,0,0,0,0,189
4130,0,0,0,0,16,0,38
4131,0,0,0,19,0,0,67
4132,0,0,44,144,0,116,40
4133,0,0,24,40,19,124,0
4134,48,19,19,191,244,55,0
4135,0,0,16,0,208,438,403
4136,0,0,24,130,33,296,0
4137,0,0,45,28,0,925,84
4138,0,0,46,50,0,425,43
4139,0,0,53,135,64,122,362
4140,0,37,170,156,16,393,58
4141,0,24,40,21,34,29,18
4142,0,0,29,24,0,60,0
4143,0,28,225,145,46,254,60
4144,0,19,0,0,147,0,0
4148,0,0,0,58,0,0,0
4149,0,15,25,50,0,642,124
4153,0,0,35,0,0,0,24
4154,24,33,74,141,25,119,790
4155,0,436,0,602,0,169,76
4156,0,0,0,0,0,12,6
4157,0,0,63,8,41,410,57
4158,0,115,325,474,1143,1489,1227
4159,28,397,207,764,517,670,545
4160,0,412,578,1640,985,4299,2300
4161,0,0,0,27,267,199,26
4162,38,333,343,689,725,1292,545
4163,73,280,361,1357,229,1741,852
4164,8,475,452,642,595,1489,551
4165,0,0,0,204,242,19,0
4166,50,160,309,702,527,2000,757
4167,0,23,30,96,200,460,12
4168,8,15,33,118,20,114,0
4169,0,12,40,94,27,135,50
4170,0,23,98,68,347,147,209
4171,5,17,35,0,0,12,0
4172,0,14,52,23,12,599,128
4173,0,29,28,51,152,224,469
4174,11,8,51,251,55,585,80
4175,0,239,60,407,487,330,404
4176,0,29,468,588,258,975,161
4177,0,112,113,138,343,231,171
4178,44,58,45,274,375,741,355
4179,0,9,0,24,20,251,16
4183,101,217,1068,435,1023,4406,1450
4184,0,0,51,68,0,0,0
4186,145,1340,1341,3258,2378,6049,3146
4188,0,0,0,79,0,0,0
4189,100,445,1252,1732,1515,4444,2233
4190,56,188,475,1429,261,1070,494
4191,0,10,10,51,48,1197,133
4193,0,95,38,127,0,0,83
4195,0,19,42,399,116,1434,517
4196,57,67,836,612,209,149,1120
4197,0,142,29,55,0,75,109
5001,0,27,0,174,197,0,275
5002,0,334,361,68,247,334,279
5003,0,119,0,107,26,0,97
5004,0,0,0,157,273,221,334
5005,0,142,872,707,638,2215,352
5006,0,0,0,0,0,0,27
5007,0,117,516,32,586,835,169
5008,0,34,238,56,269,0,0
5009,0,0,144,711,1169,560,623
5010,8,0,0,0,0,0,0
5011,0,40,0,0,0,31,245
5012,0,0,104,35,40,142,325
5014,0,0,48,0,92,0,0
5016,0,113,146,79,0,173,0
5018,0,0,0,0,0,267,141
5020,0,50,0,319,527,492,498
5026,0,0,0,43,0,0,0
5028,0,0,222,0,0,0,20
5030,24,65,0,580,279,106,364
5032,206,661,421,575,804,2199,2272
5033,0,78,0,0,278,614,301
5035,0,63,0,0,0,0,0
5036,0,0,128,18,620,795,224
5037,0,0,7,0,0,251,139
5038,0,0,0,34,0,0,40
5039,0,0,0,14,0,0,0
5040,0,34,52,0,0,87,14
5041,114,579,824,1162,857,1038,1245
5044,0,118,0,1322,303,1023,192
5045,24,674,89,683,457,511,381
5046,0,404,754,1452,1754,1090,803
5047,13,278,664,274,390,1055,1235
5048,0,28,31,0,0,0,0
5049,0,0,33,392,0,73,77
5050,184,784,286,1611,814,300,1086
5051,696,371,140,513,431,2528,855
5052,0,67,70,297,172,217,532
5053,0,423,358,844,607,1469,1062
5054,141,0,0,0,112,255,61
5055,0,33,0,214,0,0,0
5056,0,430,424,507,442,732,491
5057,477,953,678,819,340,0,988
5058,20,559,384,288,540,113,409
5059,24,140,686,1943,414,883,2425
5060,0,867,238,294,0,630,414
5061,0,195,577,1038,199,478,753
5063,140,0,450,894,280,379,1213
5065,0,71,499,320,384,1682,573
5066,88,513,1103,1024,1480,959,1581
5067,0,69,0,863,392,809,128
5068,79,715,803,1202,754,1252,472
5069,35,1315,985,678,150,93,779
5071,15,65,982,348,350,362,1085
5072,0,0,167,119,21,182,240
5073,0,250,235,2303,947,1048,3022
5074,98,502,261,1011,1069,0,648
5075,0,448,960,1283,432,336,614
5076,0,57,194,999,386,345,476
5077,0,28,0,74,43,254,155
5078,0,0,42,106,194,548,488
5079,0,188,87,267,347,0,212
5080,0,0,283,193,0,34,278
5081,0,71,160,184,129,227,493
5082,145,621,1121,1151,320,583,919
5084,75,103,747,1008,1016,2090,770
5086,74,464,474,1429,95,405,311
5087,57,82,69,0,168,0,76
5088,0,47,54,23,0,393,82
5089,46,341,1100,793,563,348,290
5090,0,115,236,422,218,925,544
5091,0,885,286,231,0,588,544
5092,258,463,565,550,154,1096,708
5093,106,282,444,477,179,226,371
5094,0,300,654,800,341,2462,1793
5095,161,1208,696,912,154,283,470
5096,0,318,236,1161,845,425,548
5097,322,169,589,299,0,0,369
5098,493,354,101,1070,1099,515,1254
5099,45,1001,284,273,223,167,619
5100,136,69,143,804,801,1250,1016
5101,0,129,599,534,143,34,316
5102,23,462,404,498,0,0,206
5103,0,0,23,0,474,168,37
5104,312,933,502,1328,390,201,828
5105,0,143,77,672,195,778,668
5106,0,404,758,433,29,302,723
5107,81,168,129,283,37,103,212
5109,0,76,66,211,397,1429,407
5110,166,416,307,284,876,220,1317
5111,212,567,529,696,165,308,854
5113,65,202,445,1358,742,85,269
5114,0,173,267,441,0,740,185
5115,62,137,753,619,547,673,282
5116,0,155,388,1123,0,40,798
5117,19,22,174,506,42,154,123
5118,83,721,1319,755,233,0,963
5119,0,66,0,0,0,0,0
5120,368,262,207,350,473,138,607
5121,100,929,266,561,0,159,1524
5122,53,911,161,378,319,458,927
5123,468,1458,1440,1309,0,241,2368
5125,0,286,92,104,0,0,80
5126,0,0,504,387,87,0,131
5127,85,1069,567,1333,521,38,631
5129,504,144,18,455,93,835,18
5130,0,1124,868,878,558,258,287
5131,240,479,835,626,99,46,586
5132,32,332,104,681,610,410,1381
5133,0,541,426,552,368,775,977
5135,31,409,1058,2102,223,196,1455
5137,0,13,66,46,657,543,300
5138,0,8,22,0,0,305,17
5139,162,1259,608,942,1680,724,842
5140,0,376,416,561,549,974,322
5141,29,55,0,491,632,746,627
5142,0,0,0,0,0,0,176
5143,103,280,386,1275,185,312,631
5144,63,359,834,717,195,1183,935
5147,0,0,0,151,0,24,0
5148,704,1220,1968,453,524,285,764
5149,183,430,861,468,86,200,0
5150,293,1797,282,687,232,98,162
5151,0,567,1224,859,407,157,1020
5154,336,379,59,915,303,56,276
5155,262,1058,557,397,282,142,283
5156,0,63,0,0,0,0,18
5157,32,991,179,539,395,37,298
5158,17,312,718,856,261,2801,488
5159,252,812,391,321,150,129,158
5160,0,0,152,0,0,315,0
5161,114,662,1364,986,291,0,387
5162,66,430,313,225,161,243,343
5163,211,238,327,283,172,364,156
5164,427,1735,1119,1456,489,343,612
5165,262,346,652,1028,80,97,689
5166,1067,1448,1017,656,532,245,919
5167,136,159,270,407,483,185,141
5168,94,817,245,235,327,24,111
5170,712,1229,932,245,254,0,1539
5171,181,586,331,278,324,0,702
5172,551,538,278,520,456,65,198
5173,0,126,183,34,0,0,0
5174,45,346,519,346,271,510,59
5175,475,593,352,740,251,150,340
5176,37,503,1283,78,239,0,472
5177,0,383,247,693,291,218,332
5178,0,55,199,317,409,515,517
5179,198,778,1153,286,275,86,625
5180,0,250,272,898,621,324,120
5181,296,2286,1063,346,69,30,1207
5182,152,292,476,671,0,103,46
5183,0,481,147,637,0,0,116
5184,0,0,165,0,0,49,0
5186,213,756,286,198,952,76,212
5187,1080,508,229,644,203,639,490
5188,0,398,471,182,0,0,413
5190,0,0,0,67,0,0,0
5191,68,152,170,215,544,1101,934
5192,224,238,237,208,157,385,827
5193,0,0,0,0,0,0,23
5194,30,161,711,621,269,0,223
5195,220,118,140,235,118,0,265
5196,45,0,504,253,264,786,256
5197,0,30,84,21,0,0,0
5198,64,149,172,0,0,244,24
5199,50,391,699,360,343,147,127
5200,287,579,314,861,199,116,510
5201,0,36,0,110,81,697,82
5202,22,161,347,1362,212,468,591
5203,166,178,507,870,327,430,288
5204,127,613,50,130,79,0,166
5205,140,331,573,757,157,1365,637
5206,882,473,382,135,55,241,29
5207,150,526,485,422,694,1402,428
5208,213,649,1580,1298,395,692,794
5210,128,95,0,0,0,0,149
5212,45,152,191,865,237,209,165
5213,0,0,0,91,0,0,0
5214,0,0,0,35,49,56,57
5215,0,27,0,45,0,365,0
5216,0,191,1137,943,910,841,593
5219,49,137,298,380,624,385,192
5223,0,113,126,492,359,455,414
5224,0,0,117,274,67,1039,220
5225,0,76,69,333,129,201,38
5226,14,19,320,315,344,2225,549
5227,0,27,66,0,43,139,107
5228,0,75,0,0,0,0,124
5229,15,49,280,606,587,1835,139
5230,0,27,446,934,943,547,976
5231,0,211,83,995,101,1094,312
5232,63,129,792,423,1680,2473,791
5233,0,70,197,84,309,1145,243
5234,0,0,29,0,412,214,38
5235,0,0,76,210,368,238,0
5236,0,0,44,450,399,501,222
5237,47,152,223,390,679,154,1162
5238,12,303,188,755,249,1673,452
5239,155,648,324,839,1049,365,818
5240,13,67,117,215,52,169,256
5241,189,2300,1430,1079,520,549,2702
5242,0,0,20,806,0,443,212
5243,0,31,0,0,0,0,163
5244,0,0,0,601,246,858,1113
5245,0,157,164,225,271,180,38
5246,0,39,19,367,581,1037,75
5247,59,58,52,405,27,519,119
5248,0,226,256,482,144,884,927
5249,0,22,63,219,77,38,0
5250,0,0,35,157,60,506,93
5251,0,0,26,0,38,0,0
5252,34,151,511,296,47,132,122
6001,0,13,104,284,74,173,27
6004,58,387,330,997,555,1514,1061
6005,0,50,212,251,42,475,316
6006,0,38,158,657,118,38,20
6007,0,83,224,139,27,995,173
6008,29,56,162,292,185,76,172
6009,0,29,0,82,22,0,51
6010,27,84,63,71,0,0,0
6012,34,216,80,818,244,812,667
6014,72,58,177,198,0,0,93
6015,0,92,147,784,670,778,484
6016,0,243,103,461,544,1320,381
6017,0,119,83,27,26,326,101
6018,202,116,88,283,855,1006,113
6019,0,79,371,219,352,279,700
6020,21,151,144,345,131,431,124
6021,0,0,0,21,0,0,0
6022,0,110,37,132,134,244,145
6023,38,48,833,1023,1093,2234,1696
6024,0,0,0,226,31,99,0
6025,0,102,59,518,15,17,136
6026,57,300,544,1094,303,204,431
6027,134,151,214,750,546,580,351
6028,0,30,53,69,0,119,45
6029,0,39,455,266,229,313,371
6030,0,69,18,258,19,337,25
6031,0,47,159,35,0,311,79
6032,0,222,532,842,1369,1488,712
6033,18,75,43,18,0,126,83
6034,18,63,176,120,336,407,141
6035,37,27,209,408,136,150,0
6036,23,191,50,27,0,155,177
6037,0,0,64,0,0,0,0
6038,52,75,218,396,51,583,373
6039,0,161,347,1153,986,1335,504
6040,0,51,37,95,84,550,83
6041,27,72,95,573,14,55,146
6042,17,116,67,273,0,337,128
6043,0,44,101,116,24,49,181
6044,38,281,846,894,630,1314,954
6045,0,50,257,52,220,247,33
6046,0,18,165,0,382,51,96
6047,26,166,481,1073,547,640,373
6048,0,62,77,586,0,617,109
6049,0,24,0,0,27,0,0
6050,0,205,97,255,137,462,591
6051,0,45,39,228,71,194,94
6052,413,44,68,495,18,282,139
6053,7,28,6,579,321,71,139
6054,0,34,109,266,172,481,251
6055,0,66,486,177,18,403,205
6056,17,255,358,320,121,514,135
6057,0,123,388,520,10,0,437
6058,0,72,220,187,113,274,242
6059,13,15,186,508,100,433,230
6060,21,96,129,265,0,63,61
6061,6,433,108,560,195,220,412
6062,14,341,100,649,518,842,283
6063,0,65,187,283,268,257,265
6064,73,201,940,1088,553,577,751
6065,0,18,92,355,285,48,116
6066,14,284,398,581,254,136,174
6067,7,140,308,249,483,135,438
6068,0,143,116,330,218,370,474
6069,0,115,240,242,155,126,93
6070,0,0,0,66,0,0,0
6071,13,710,848,1242,316,535,913
6072,0,133,294,246,165,0,195
6073,192,26,0,0,0,0,0
6074,620,635,361,1001,249,523,473
6075,128,749,879,753,204,150,555
6076,42,10,13,0,0,0,0
6079,416,595,535,999,171,0,383
6080,0,224,0,0,0,0,0
6081,15,452,375,868,249,87,525
6082,17,198,283,399,218,0,321
6083,134,617,399,214,0,0,501
6085,0,150,0,0,0,0,149
6090,86,234,815,898,292,410,622
6091,65,255,280,331,33,0,216
6092,186,327,262,776,494,134,174
6094,12,94,246,150,66,12,182
6095,0,0,0,0,0,27,170
6097,0,312,325,604,361,706,153
6098,44,145,340,600,506,552,567
6100,0,597,663,645,168,66,390
6101,121,799,364,888,157,185,734
6102,0,156,314,225,306,80,186
6103,30,0,0,10,0,0,0
6104,56,84,75,240,0,0,69
6105,14,310,392,479,98,257,47
6106,83,437,225,624,33,0,65
6107,131,650,645,949,87,279,449
6109,237,685,567,644,244,274,671
6112,29,525,249,30,205,202,126
6113,107,130,372,1201,16,119,161
6115,255,19,23,74,0,0,195
6116,0,24,33,57,0,0,7
6117,68,174,268,453,0,0,197
6118,59,662,390,446,58,0,252
6119,74,102,16,66,0,0,28
6120,0,36,0,105,0,20,216
6121,168,381,172,88,0,0,74
6122,20,0,0,0,0,0,0
6123,0,67,154,0,0,0,44
6124,0,116,0,0,0,0,21
6125,96,0,0,0,0,0,0
6127,0,0,6,0,0,0,0
6129,0,228,37,31,0,23,51
6130,54,0,552,0,0,0,46
6131,0,0,0,0,0,0,49
6132,87,98,188,8,192,145,0
6133,202,56,119,221,80,250,93
6134,208,293,71,0,0,0,0
6135,65,19,67,216,0,42,169
6137,0,131,577,1012,514,489,284
6138,28,0,0,0,0,0,0
6139,11,36,48,201,0,329,16
6140,206,317,701,136,0,0,151
6141,283,15,100,292,246,614,408
6142,388,222,169,344,53,0,813
6143,0,19,208,30,0,24,0
6144,22,68,160,35,45,0,70
6145,15,20,26,0,0,0,0
6146,397,1493,1741,2090,489,675,482
6147,0,0,0,45,23,0,0
6150,49,597,436,169,108,22,136
6151,0,57,0,0,0,0,0
6153,0,0,43,42,0,0,539
6154,178,290,185,386,808,642,284
6155,0,58,81,127,0,0,15
6156,0,0,0,0,0,0,38
6158,13,92,167,373,25,160,95
6159,90,30,236,261,76,262,302
6160,126,283,231,260,31,0,233
6161,125,0,91,176,76,151,125
6162,109,25,38,660,54,0,63
6163,0,0,0,95,0,0,0
6164,19,107,16,346,241,219,746
6165,111,54,45,77,0,0,104
6166,297,64,667,132,463,666,283
6167,0,23,0,12,71,23,10
6168,35,12,19,1258,314,844,339
6169,110,162,0,0,0,0,0
6170,14,193,721,1676,457,1324,921
6171,369,342,190,461,153,220,325
6172,6,172,286,175,0,77,140
6173,50,318,332,431,116,131,240
6174,85,116,378,93,20,0,186
6175,195,327,171,13,0,9,27
6176,90,244,310,104,27,0,125
6177,15,120,47,54,27,145,71
6178,0,0,8,0,0,0,0
6179,0,61,136,257,0,0,32
6180,0,0,0,29,0,317,53
6181,0,20,0,24,78,0,49
6182,67,180,319,857,346,34,214
6183,15,4,21,378,0,209,25
6184,25,0,0,19,0,0,0
6185,0,29,8,0,0,19,19
6186,0,0,0,109,56,140,8
6187,8,12,8,548,17,0,0
6188,57,79,98,434,4,19,55
6189,0,4,0,36,93,0,25
6190,0,4,0,0,0,0,0
6191,0,0,0,0,459,0,0
6192,0,0,37,32,0,0,0
6193,127,415,1186,604,52,71,1045
6194,20,146,312,595,413,396,568
6195,0,49,14,29,0,201,90
6196,0,225,550,1207,195,854,372
6197,0,18,20,0,0,30,0
6198,68,479,546,663,385,1333,1137
6199,378,730,608,1010,1018,735,863
6200,0,0,14,0,0,0,0
6201,31,521,551,15,0,0,29
6202,5,88,97,11,0,0,52
6203,311,197,86,0,0,0,54
6204,416,618,19,0,0,11,227
6205,177,65,5,415,40,0,158
6206,90,215,340,719,27,0,27
6207,11,401,119,247,0,0,493
6208,38,18,0,0,0,0,116
6209,0,56,0,0,0,0,0
6210,0,31,79,0,0,0,0
6213,40,787,321,191,0,137,321
6214,0,17,12,16,0,0,0
6215,0,33,0,251,0,0,0
6216,77,515,49,236,0,0,43
6217,110,716,605,445,45,197,372
6218,148,530,714,377,70,281,344
6219,23,1001,983,1009,277,434,891
6222,46,157,1135,1285,435,901,779
6223,0,73,106,204,220,1536,614
6224,0,60,0,0,0,0,65
6225,62,106,363,964,689,1568,694
6226,417,863,726,2102,463,357,980
6227,0,12,283,0,0,0,13
6228,0,0,334,327,136,401,427
6229,0,49,63,43,0,0,43
6230,116,275,384,796,56,47,229
6231,10,26,49,164,0,0,41
6232,0,16,0,0,0,0,26
6233,82,421,818,811,26,108,955
6235,230,1538,1064,1812,175,199,2131
6236,237,735,879,941,163,55,321
6240,0,0,74,0,0,0,0
6244,0,10,231,150,179,101,335
6247,0,0,40,0,0,0,0
6248,0,95,148,290,47,229,210
6249,40,334,34,484,571,95,637
6250,0,0,31,50,0,326,32
6252,61,265,203,952,259,0,490
6253,0,194,168,121,0,47,81
6254,0,22,10,31,19,41,46
6255,10,19,0,0,0,278,37
6256,0,0,83,263,172,407,188
6257,0,231,351,616,394,889,327
6259,20,77,89,138,169,275,479
6260,159,254,48,212,211,196,132
6261,0,0,27,43,0,0,20
6262,10,0,100,93,14,95,145
6263,0,235,132,72,113,308,186
6265,0,33,20,257,61,85,39
6266,251,221,190,411,0,121,190
6267,13,161,174,1004,196,509,683
6268,19,372,788,1204,360,423,593
6269,34,767,620,1102,320,571,781
6270,46,292,670,343,20,95,178
6271,45,457,101,433,208,241,234
6272,0,65,95,0,0,0,169
6273,117,96,241,92,0,0,0
6275,124,1204,950,356,304,46,241
6276,91,258,57,0,0,13,53
6278,0,42,130,0,0,0,12
6279,0,66,0,0,141,0,108
6280,0,63,0,93,0,0,0
6281,43,0,0,0,0,0,0
6282,113,63,13,0,0,0,43
6283,43,143,0,17,0,0,25
6284,0,318,64,0,0,0,70
6285,178,259,172,405,215,0,347
6286,319,463,414,125,0,0,520
6288,17,538,274,251,0,166,158
6289,151,170,717,741,155,53,331
6290,0,272,369,696,414,913,468
6291,0,49,0,134,0,0,12
6292,13,529,335,447,0,47,226
6294,0,0,153,13,0,0,0
6296,56,175,409,882,256,0,155
6297,0,183,92,563,0,0,158
6299,146,385,157,78,240,0,653
6300,39,622,70,114,0,119,103
6301,0,390,550,245,33,0,243
6302,0,0,34,74,348,0,54
6303,0,19,65,354,68,193,451
6304,0,0,0,0,0,0,11
6306,0,0,0,0,7,27,19
6307,0,132,74,152,358,456,207
6308,34,325,590,893,706,362,916
6309,88,240,127,795,20,15,275
6310,0,199,155,129,0,0,253
6311,0,26,11,0,0,0,115
6312,89,123,81,91,0,20,124
6313,0,24,29,0,0,0,0
6314,0,29,0,0,0,0,62
6315,70,90,43,108,0,0,210
6316,99,150,230,125,0,49,113
6317,0,0,31,376,0,107,20
6318,0,0,0,29,0,0,0
6319,0,0,0,62,0,0,0
6320,67,143,55,404,52,647,430
6322,0,26,77,78,52,0,97
6323,0,0,38,0,0,0,0
6324,0,40,0,0,0,176,0
6325,33,799,735,30,0,0,455
6326,172,496,515,51,74,0,190
6327,24,0,0,0,0,0,0
6328,0,17,0,0,0,0,0
6329,0,0,0,0,0,0,55
6330,0,29,38,526,0,28,0
6331,22,17,49,153,16,0,99
6332,17,106,46,78,190,34,217
6333,33,63,40,78,83,135,69
6334,0,36,23,426,112,59,122
6335,0,27,0,140,46,133,78
6336,59,778,458,430,203,109,411
6337,29,632,169,543,430,116,649
6338,30,258,220,442,509,723,353
6339,29,30,0,366,53,114,82
6340,0,168,432,751,124,859,444
6341,29,727,759,278,426,334,942
6342,81,640,393,956,441,65,552
6343,172,478,568,270,10,96,349
6344,85,601,177,170,89,587,985
6345,141,542,483,394,15,183,684
6346,8,184,0,0,161,0,30
6347,18,177,263,231,37,89,391
6348,0,53,134,63,727,69,134
6349,18,119,176,103,70,0,88
6350,15,275,687,412,303,106,209
6351,30,27,32,97,82,179,45
6352,14,0,0,20,0,32,0
6353,0,38,0,497,455,32,170
6354,16,14,103,674,148,92,193
6355,0,43,27,408,24,32,207
6356,27,16,0,0,56,158,0
6357,0,0,0,151,78,377,258
6358,0,0,140,196,121,0,15
6359,0,29,243,1005,318,271,505
6360,0,599,727,1902,704,1427,1367
6361,25,25,269,470,49,218,56
6362,0,234,288,114,318,119,377
6363,0,106,488,187,746,168,290
6364,39,120,178,385,359,468,111
6366,92,261,383,1285,1022,799,1058
7002,23,305,131,1296,279,3408,704
7004,0,85,196,240,117,723,13
7005,0,25,55,307,21,569,318
7006,0,126,152,544,73,1461,570
7008,0,51,0,0,0,0,0
7010,30,35,103,59,0,0,0
7011,151,282,152,269,55,86,104
7012,0,0,72,81,131,261,88
7013,102,0,0,0,0,0,0
7014,0,0,28,188,292,110,165
7021,62,56,77,132,0,97,219
7022,0,129,209,585,72,291,347
7024,0,254,190,686,425,247,465
7025,6,155,137,373,340,309,480
7026,0,472,52,593,658,1316,274
7027,0,0,45,27,0,0,0
7028,12,27,118,427,326,824,87
7029,30,470,334,759,35,573,292
7030,0,45,13,0,0,0,20
7031,41,0,30,0,0,0,0
7034,0,61,0,138,0,348,285
7035,101,55,388,534,402,425,96
7036,0,151,332,223,104,0,113
7037,68,12,177,39,34,82,139
7038,0,76,0,173,0,0,0
7039,150,339,555,163,16,36,95
7042,63,0,0,0,0,0,40
7043,96,94,0,0,0,0,0
7044,355,159,0,30,0,0,405
7047,0,0,0,36,0,0,65
7048,311,75,0,44,0,0,353
7050,191,70,30,12,0,0,329
7051,420,247,70,150,45,0,284
7052,0,14,0,0,0,0,0
7054,69,212,194,213,154,111,203
7055,177,63,43,355,90,29,22
7056,11,16,116,142,40,152,75
7057,113,207,345,140,207,46,225
7059,52,198,445,631,501,692,98
7060,0,0,133,330,0,375,19
7061,0,0,0,0,20,30,0
7062,0,0,22,26,0,1521,205
7064,0,0,0,51,0,0,0
7065,0,0,16,0,139,0,16
7066,67,0,96,241,115,627,391
7068,0,23,21,82,137,67,108
7069,0,0,0,0,0,0,25
7074,0,0,30,0,0,0,0
7075,0,0,0,0,0,374,0
7076,0,22,0,0,0,0,0
7078,0,81,140,113,164,512,595
7080,0,0,0,27,0,86,0
7081,18,334,37,338,93,1025,223
7082,16,178,270,603,609,1418,1244
7085,0,241,319,257,122,414,202
7086,138,310,317,689,875,73,384
7087,78,642,198,1064,147,0,1282
7088,0,16,0,0,0,0,0
7093,0,0,0,295,0,0,0
7094,9,261,213,708,188,117,198
7095,0,8,13,0,0,0,0
7097,0,234,159,285,146,327,148
7098,0,456,154,349,170,271,259
7099,40,68,131,330,27,54,178
7100,14,89,95,106,101,55,223
7101,73,130,39,213,77,172,203
7102,0,25,0,0,0,0,0
7103,0,31,105,101,169,140,96
7104,0,34,194,142,99,569,78
7105,0,23,140,53,0,149,59
7106,0,0,52,47,29,0,201
7107,0,0,44,43,0,0,22
7108,144,193,62,139,100,27,45
7109,0,96,11,103,0,17,47
7110,0,25,100,236,63,776,459
7111,46,90,274,272,124,145,268
7112,32,291,154,619,57,180,95
7113,39,253,546,26,193,79,0
7114,0,0,13,0,0,0,0
7115,15,227,39,319,349,248,60
7116,0,94,17,147,62,214,14
7117,18,30,210,391,254,1029,286
7118,49,331,271,851,168,310,141
7119,0,0,10,144,174,0,40
7121,0,202,229,233,130,178,42
7122,0,11,0,0,0,77,9
7123,25,169,461,56,110,295,191
7124,0,17,25,214,0,586,125
7125,61,119,117,66,89,128,250
7126,52,301,0,148,0,43,48
7127,0,15,0,0,0,0,0
7128,45,251,276,449,110,25,163
7129,0,259,45,321,99,64,32
7130,0,0,0,30,0,0,0
7131,0,0,10,0,0,0,0
7132,0,0,11,0,283,16,0
7133,69,0,327,0,0,0,94
7134,275,181,254,229,60,135,49
7135,0,0,0,0,0,24,0
7136,23,180,77,17,301,323,14
7137,85,248,151,319,154,281,297
7138,0,322,56,145,0,0,39
7139,44,276,130,524,62,148,115
7141,154,221,493,430,48,171,104
7142,90,253,108,81,153,196,226
7143,221,459,279,250,25,115,162
7146,0,380,140,229,63,175,97
7147,0,0,0,0,0,0,11
7149,38,118,40,434,285,179,115
7150,0,26,25,181,271,108,140
7151,58,204,338,466,465,174,347
7152,174,627,245,365,259,307,330
7153,111,232,98,138,64,285,63
7154,132,384,643,105,162,15,71
7155,0,160,73,17,31,32,30
7156,36,43,70,526,95,97,52
7157,0,138,138,470,63,148,291
7158,78,229,69,643,39,131,153
7160,20,46,109,378,288,77,41
7161,23,400,70,110,0,28,44
7162,0,0,0,43,13,0,0
7163,0,16,0,84,0,0,31
7164,0,29,61,53,8,0,32
7165,13,0,124,115,78,36,50
7166,0,29,0,64,28,0,0
7167,0,0,19,164,94,187,17
7168,99,95,181,339,57,192,619
7170,0,106,394,761,126,307,122
7171,0,208,165,146,87,1180,203
7172,29,307,157,431,87,97,241
7173,43,355,334,132,303,0,119
7174,0,136,490,627,697,994,267
7175,0,116,188,262,339,598,529
7176,169,86,589,825,230,562,195
7177,146,425,926,732,233,7,332
7178,74,134,198,129,77,177,22
7180,143,996,814,1147,305,140,584
7181,480,72,515,109,166,0,19
7185,0,235,260,734,397,952,345
7186,0,35,0,549,180,289,87
7187,0,75,605,407,373,786,477
7188,19,44,267,642,240,1237,494
7189,7,359,188,109,0,0,548
7190,13,198,121,144,103,185,226
7191,66,79,56,276,83,184,106
7192,135,267,656,756,130,253,30
7194,129,296,355,461,459,418,244
7195,93,776,779,296,190,110,660
7196,0,26,0,0,0,0,0
7198,10,21,338,362,132,795,28
7199,0,0,0,0,20,0,24
7201,0,0,0,20,0,0,0
7204,0,0,0,27,18,352,152
7205,0,0,0,0,27,0,0
7207,242,587,498,915,384,511,828
7208,67,694,942,1095,91,384,595
7209,12,893,410,930,63,193,389
7210,0,294,524,959,809,253,300
7211,0,215,139,401,291,410,433
7212,17,246,529,1904,827,1248,985
7213,15,230,0,550,353,136,148
7214,69,822,942,2724,1610,1415,2331
7215,0,31,244,151,193,218,180
7216,105,209,249,1280,776,1228,66
7218,0,0,178,519,0,101,0
7219,0,23,52,195,10,272,294
7220,0,0,21,0,0,0,0
7221,0,186,97,341,104,195,416
7222,0,0,51,0,0,0,0
7225,31,341,639,1580,532,879,367
7228,0,91,357,1020,248,408,97
7229,25,373,315,844,278,393,495
7230,72,0,274,234,141,565,116
7231,300,410,340,482,0,228,16
7233,12,143,341,326,331,59,96
7234,0,277,158,131,100,822,297
7235,7,19,231,691,178,266,83
7238,0,20,0,0,0,319,0
7240,0,0,0,0,14,58,25
7241,0,11,72,0,0,0,0
7242,0,11,0,9,0,0,0
7244,0,0,0,368,303,1541,183
7245,0,0,0,0,297,323,0
7246,283,355,476,2007,722,2268,1530
7247,0,69,45,419,183,640,171
7248,0,105,30,326,410,1108,824
7249,0,81,0,165,71,0,0
7250,0,0,30,94,0,0,0
7252,128,0,0,259,470,163,5
7253,0,300,137,516,197,1441,433
7254,125,277,379,348,143,1194,640
7255,235,310,141,384,238,104,245
7256,136,199,125,131,433,1171,223
7257,110,533,635,532,398,482,630
7258,0,91,107,115,157,0,637
7259,12,148,75,177,175,325,170
7260,177,242,322,268,208,680,219
7261,299,106,25,125,0,210,201
7262,10,271,337,167,24,488,534
7263,147,538,251,1508,166,596,441
7264,102,308,412,1087,418,720,266
7265,0,0,76,411,338,554,339
7270,0,0,25,25,0,0,0
7271,0,132,30,94,14,0,64
7272,24,13,211,526,812,940,371
7273,0,16,17,84,74,40,434
7274,41,968,668,758,528,52,234
7276,250,423,0,326,0,71,167
7277,38,534,176,268,96,0,86
7278,63,412,681,539,112,50,330
7279,65,88,0,198,70,26,104
7280,13,293,324,198,135,296,78
7281,20,219,146,1102,756,1276,387
7282,0,244,472,748,324,828,361
7283,0,47,199,962,443,314,351
7284,57,321,335,819,510,490,1075
7285,0,219,330,795,175,136,118
7286,114,317,692,514,237,346,733
7287,0,483,444,1000,575,431,907
7288,0,67,111,1135,283,111,489
7289,129,216,119,403,62,0,371
7290,90,137,132,301,193,77,202
7291,0,407,171,193,76,14,195
7292,34,129,143,214,10,22,68
7293,96,120,317,271,267,370,52
7294,90,779,575,584,52,13,350
7295,0,37,57,406,0,0,54
7296,59,336,255,272,94,0,317
7297,71,368,276,918,52,402,570
7298,0,0,0,27,0,330,0
7299,0,0,0,0,0,28,0
7300,0,0,35,479,239,861,434
7301,232,199,83,1099,143,132,517
7302,0,83,165,476,37,24,61
7305,0,10,18,0,0,126,188
7306,0,9,0,0,54,13,9
7307,0,0,39,0,10,100,0
7308,0,0,18,10,0,0,0
7309,0,18,11,30,0,149,111
7310,0,48,0,178,20,0,0
7311,6,18,384,1042,258,642,736
7312,0,0,735,1628,1166,1805,1271
7313,0,370,513,705,186,456,352
7314,61,166,236,405,24,34,177
7315,0,29,21,6,0,0,107
7316,23,668,214,241,177,217,129
7321,0,6,23,198,26,265,237
7322,0,22,0,206,334,173,487
7323,0,0,0,0,0,222,0
7324,0,167,396,35,0,48,258
7325,0,47,83,124,209,160,383
7326,243,447,146,60,63,95,92
7327,0,229,254,363,337,0,525
7328,57,78,255,157,123,0,290
7329,19,107,219,135,31,96,164
7330,0,52,58,228,69,288,248
7331,0,0,0,163,28,15,11
7332,62,30,69,266,0,0,252
7333,0,0,81,151,93,0,28
7334,158,502,235,251,178,191,117
7335,0,12,196,817,630,362,895
7336,0,0,0,0,22,0,0
7340,11,43,68,176,0,36,167
7341,0,0,0,46,148,0,110
7342,0,0,0,0,0,0,12
7348,0,0,0,140,0,333,0
7357,171,150,136,137,124,0,104
7359,38,484,203,1047,788,2692,972
7360,10,201,295,625,346,362,53
7361,0,441,643,1092,908,1321,307
7362,28,59,237,317,301,1143,825
7363,0,95,126,284,505,1086,693
7364,0,62,21,240,189,664,889
7365,108,311,111,448,0,0,58
7366,82,427,101,524,542,60,277
7367,0,413,495,227,209,26,478
7368,15,260,204,1028,169,0,138
7370,0,20,162,306,116,0,240
7371,0,5,0,0,0,0,63
7372,33,558,182,420,66,0,93
7373,0,13,7,510,13,173,13
7375,0,0,0,0,143,6,0
7376,31,1023,219,223,410,66,86
7377,0,0,0,28,0,0,0
7378,0,77,17,347,95,128,350
7379,42,0,193,603,88,473,282
7381,0,0,10,84,191,512,85
7382,0,0,0,0,0,0,66
7383,0,0,13,22,35,0,51
7384,0,28,0,0,0,0,0
7385,0,0,0,78,0,62,20
7386,0,28,60,0,0,20,0
7387,55,190,65,87,0,0,0
7388,13,70,82,70,0,88,139
7389,163,1136,396,325,149,179,352
7390,37,406,228,45,85,249,186
7391,0,0,29,0,0,240,0
7392,0,88,136,173,117,327,117
7393,20,344,243,530,717,793,425
7394,28,646,393,534,135,592,763
7395,52,382,409,361,405,460,661
7396,18,295,13,770,235,241,423
7397,0,40,0,179,0,373,390
7398,27,34,299,167,492,855,403
7399,0,136,541,91,648,424,140
7400,0,66,362,283,238,174,647
7401,0,77,36,288,99,0,37
7402,0,0,180,611,0,213,436
7403,172,1195,142,254,166,125,19
7404,27,128,199,386,511,431,412
7405,0,117,294,1849,693,723,358
7406,0,276,277,92,536,156,181
7407,0,317,99,106,232,20,312
7408,61,698,286,410,213,634,132
7409,68,250,253,119,0,142,116
7410,0,24,331,735,143,265,292
7411,38,150,13,39,0,0,58
7414,0,144,293,421,0,179,55
7415,0,19,295,953,566,533,168
7416,0,0,0,0,34,0,112
7417,0,24,0,147,0,132,15
7418,0,18,0,0,0,29,0
7419,0,0,0,146,0,114,0
7420,0,25,11,30,0,0,0
7422,0,0,0,92,0,0,0
7423,0,96,0,0,22,301,133
7424,0,0,0,0,0,0,22
7425,0,8,12,0,0,138,22
7426,0,0,0,72,222,83,134
7427,0,0,0,0,0,34,0
7428,0,22,28,0,55,57,0
7429,0,0,0,83,0,0,28
7430,0,0,0,0,0,71,6
7433,0,78,0,0,0,0,0
7434,0,49,149,35,19,135,313
7435,0,0,0,0,74,0,37
7436,0,0,0,0,0,83,93
7438,0,0,0,0,0,0,12
7441,0,0,15,0,0,0,0
7442,0,17,113,190,28,1160,37
7445,0,0,0,12,0,0,0
7446,0,0,0,0,183,0,0
7447,0,234,224,217,124,345,413
7448,0,0,42,97,476,0,0
7449,4,0,0,19,0,0,12
7450,0,19,22,66,0,10,0
7451,37,203,576,1110,1054,1248,338
7452,0,82,113,0,0,0,143
7453,0,0,0,0,0,22,0
7454,0,0,120,0,0,0,0
7455,0,0,109,0,29,0,0
7456,0,14,77,346,0,0,0
7457,0,0,0,246,0,0,0
7458,0,141,28,315,96,680,274
7459,0,0,0,19,0,0,0
7460,0,24,214,0,0,0,0
7461,0,0,0,0,94,63,22
7462,0,0,40,0,0,0,0
7463,0,44,0,0,0,13,234
7465,0,7,44,166,336,647,362
7466,18,97,872,1515,1137,2589,1097
7467,0,0,0,0,0,18,0
7469,0,0,0,0,0,240,0
7470,0,0,0,174,266,62,33
7472,0,123,0,210,53,447,436
7473,0,0,0,55,0,152,127
7475,0,0,74,92,0,500,9
7477,0,0,167,179,103,377,494
7478,0,166,40,564,236,664,822
7479,26,112,360,570,961,399,385
7480,0,9,0,11,0,0,0
7481,0,0,0,0,0,0,82
7482,0,0,0,6,0,0,59
7483,0,0,0,48,0,0,0
7484,0,0,0,57,28,23,215
7485,13,0,97,127,36,143,53
7487,0,0,45,0,0,0,0
7488,0,0,0,0,0,97,0
7490,0,0,0,0,0,0,76
7491,0,0,0,22,0,53,331
7492,0,23,0,0,78,15,66
7493,0,0,28,0,0,29,0
7494,0,4,142,677,225,477,447
7495,0,0,0,0,0,452,0
7496,0,0,24,0,0,72,18
7497,0,0,19,0,0,0,0
7498,0,27,52,57,61,175,99
7502,19,0,0,0,0,0,0
7503,0,0,0,51,29,489,4
7504,0,0,0,0,0,0,229
7505,0,0,31,30,0,0,0
7506,0,0,70,274,60,308,283
7508,0,0,22,0,0,41,0
7509,0,0,0,10,0,221,136
7510,0,19,0,60,0,0,0
7512,43,47,0,79,0,63,12
7513,20,64,119,471,520,702,130
7514,35,308,1238,1461,329,931,1042
7516,0,0,0,43,0,11,0
7517,25,91,225,604,134,1143,25
7518,30,0,0,17,10,19,0
7519,0,29,30,0,0,291,60
7520,0,103,10,14,0,0,195
7521,22,17,31,96,0,108,106
7522,0,4,34,0,0,74,0
7523,0,53,5,0,0,0,0
7524,0,24,22,188,0,961,453
7525,0,31,30,98,0,0,0
7526,0,21,0,42,0,0,0
7527,0,0,0,345,0,96,155
7528,0,68,0,0,267,0,47
7529,0,0,0,133,0,0,21
7530,0,12,0,0,100,0,46
7531,0,0,41,0,0,0,0
7532,0,0,0,0,0,0,138
7533,0,0,0,17,0,0,63
7534,0,9,92,0,47,0,228
7535,0,0,0,0,0,141,0
7536,0,64,115,173,159,323,287
7537,0,0,0,230,0,87,96
7539,0,0,0,0,0,72,52
7540,0,0,0,0,47,0,439
7541,0,0,0,0,0,0,335
7542,0,0,14,33,0,340,0
7543,0,0,21,81,211,29,37
7544,0,26,0,0,29,0,238
7545,0,0,25,90,62,76,289
7546,0,0,0,0,0,0,286
7547,30,40,122,266,156,60,224
7548,13,649,1065,3204,590,1727,694
7549,53,107,144,429,188,181,51
7550,0,0,0,0,0,100,22
7551,0,0,0,43,0,0,0
7552,0,20,32,62,0,0,0
7553,18,0,129,28,0,0,66
7554,0,0,0,24,0,0,30
7555,0,131,0,162,0,0,138
7557,23,0,55,32,28,0,182
7559,0,20,0,171,0,365,218
7560,0,16,19,11,145,555,425
7561,0,0,0,0,259,0,0
7562,0,0,0,27,0,120,217
7563,0,4,0,0,0,38,58
7565,0,25,81,48,0,161,139
7566,0,20,0,31,0,122,0
7567,0,0,0,30,26,169,0
7568,0,0,0,0,0,86,31
7569,0,40,95,0,44,96,26
7573,0,0,159,0,177,24,12
7575,0,0,0,0,27,0,0
8001,0,18,0,30,0,0,11
8006,0,0,0,0,0,240,0
8010,0,26,42,446,250,441,252
8011,0,0,485,181,797,895,633
8012,0,0,103,991,415,699,568
8013,0,92,221,460,174,561,81
8014,41,21,172,162,0,0,31
8015,381,164,660,1883,613,200,344
8017,0,27,216,0,0,0,303
8018,0,52,210,131,143,247,281
8019,0,0,0,354,286,251,147
8021,0,0,114,421,239,88,0
8022,53,441,25,536,154,83,288
8023,70,82,237,217,268,514,397
8024,0,466,168,420,1095,666,823
8025,0,44,134,138,25,81,265
8026,0,159,30,399,263,72,734
8027,0,0,0,16,0,49,0
8029,0,49,26,288,0,371,109
8030,0,0,0,0,0,0,13
8032,17,42,22,76,0,0,102
8033,145,232,298,329,19,95,152
8034,0,76,128,0,58,31,53
8035,26,111,16,7,87,172,52
8036,0,0,0,36,0,74,196
8037,28,148,116,81,256,131,61
8038,18,104,124,306,0,286,446
8039,0,26,99,0,0,0,0
8040,0,0,0,176,36,150,0
8042,0,87,34,207,105,493,300
8043,0,155,207,93,36,1260,141
8044,0,65,37,0,28,0,134
8045,0,66,0,35,0,0,0
8046,0,43,18,30,0,28,0
8047,0,84,119,83,75,0,9
8048,0,103,62,26,0,29,99
8049,0,182,209,422,0,122,166
8050,0,0,0,70,116,47,0
8051,260,199,455,172,32,81,106
8054,0,0,0,0,0,0,25
8056,0,0,108,0,0,0,69
8058,0,0,0,0,0,54,0
8059,198,0,0,0,0,0,0
8061,0,0,0,0,0,754,24
8062,0,0,0,136,40,550,80
8063,0,0,0,79,138,581,216
8064,9,0,0,14,0,0,0
8065,0,10,0,59,9,50,69
8066,0,72,167,380,168,104,278
8067,50,0,0,64,176,446,0
8068,0,0,56,26,42,0,335
8069,0,357,275,632,774,703,667
8070,0,63,0,0,0,0,0
8071,0,51,4,187,60,135,245
8072,80,131,131,1332,322,1151,614
8073,334,176,126,547,714,980,163
8074,128,35,160,82,0,0,64
8075,0,20,158,0,367,127,0
8076,0,49,423,351,382,512,473
8078,27,142,70,64,86,123,109
8079,125,0,0,336,0,131,95
8080,176,0,130,73,105,441,282
8081,0,0,95,0,123,281,290
8082,0,0,162,80,169,333,233
8083,67,0,336,0,0,0,20
8085,0,27,88,193,49,401,315
8088,0,22,21,283,59,45,145
8089,69,0,0,0,213,189,57
8091,102,118,75,57,0,0,158
8092,255,146,57,438,173,63,216
8093,144,56,207,0,85,177,51
8096,288,466,53,476,79,44,85
8097,19,66,209,354,97,40,312
8098,0,36,78,333,0,617,207
8099,0,0,109,299,354,924,186
8100,61,10,0,252,47,775,231
8102,38,378,489,662,493,663,418
8103,13,73,82,79,39,434,178
8104,0,16,14,77,105,33,9
8105,0,72,272,198,73,289,68
8106,0,0,16,64,0,129,13
8107,0,83,66,256,0,16,32
8108,0,90,16,188,46,75,248
8109,0,0,31,277,25,227,167
8111,0,235,146,450,7,257,313
8112,31,0,104,11,0,0,0
8113,0,0,0,0,0,41,0
8114,0,0,0,20,0,0,0
8115,119,0,61,41,0,0,0
8117,62,93,157,25,37,0,74
8118,0,237,0,0,0,0,0
8120,32,314,51,117,0,0,0
8121,0,94,0,32,0,68,49
8122,71,41,37,156,61,133,0
8123,0,7,0,233,0,71,0
8124,0,0,96,31,0,24,0
8125,11,78,262,472,162,164,158
8126,0,99,35,4,138,405,0
8127,160,343,157,517,225,327,103
8128,0,73,54,428,332,350,204
8129,0,18,0,158,85,219,82
8130,87,62,240,413,375,71,362
8131,0,110,78,28,0,144,44
8132,0,10,0,160,0,0,25
8133,31,47,0,0,0,0,0
8134,0,0,0,395,27,0,22
8136,17,256,315,106,0,0,226
8137,17,0,0,0,0,0,38
8139,19,59,49,395,241,259,114
8141,52,113,79,74,0,0,63
8142,0,0,0,10,0,0,0
8148,255,169,123,244,24,278,458
8149,61,628,429,103,0,0,0
8151,35,32,38,0,0,0,102
8152,0,131,517,281,137,29,177
8153,26,691,502,323,0,0,0
8154,372,153,96,694,24,264,169
8155,0,100,18,0,0,59,18
8156,7,7,0,16,0,0,0
8157,12,0,189,28,0,42,21
8159,0,9,36,0,0,0,0
8160,369,215,152,194,0,24,204
8161,0,0,51,162,34,122,95
8162,60,272,0,133,16,27,122
8163,0,0,11,0,0,0,0
8164,0,0,305,974,40,466,0
8166,0,314,453,194,241,76,79
8167,0,24,162,33,269,0,0
8168,0,267,106,226,417,391,252
8170,0,31,574,843,63,37,56
8171,0,0,37,224,610,767,550
8173,340,916,719,830,101,0,321
8174,46,194,0,292,52,123,223
8177,0,47,150,99,184,472,287
8178,28,0,207,494,138,605,275
8180,0,212,34,700,303,169,387
8181,0,69,110,0,13,0,0
8182,0,21,212,545,130,255,449
8198,0,0,0,0,0,0,25
8200,0,0,0,25,0,0,0
8203,0,0,0,26,0,0,0
8204,0,0,0,0,0,157,0
8205,0,0,24,0,0,0,0
8207,0,0,0,27,0,57,0
8301,0,15,0,0,99,154,0
8302,0,0,0,0,0,68,0
8303,0,0,46,166,13,482,130
8304,0,21,0,0,21,269,21
8305,15,0,39,78,71,82,240
8306,0,21,39,17,0,60,197
8307,0,0,0,479,0,69,0
8308,0,22,136,116,142,121,82
8309,0,0,0,0,0,0,35
8310,0,80,15,31,0,39,0
8311,0,0,0,0,0,39,0
8312,0,13,0,70,0,134,0
8313,21,0,0,13,39,399,495
8314,0,245,86,366,51,421,263
8315,108,301,0,34,0,403,0
8316,0,0,0,0,0,0,21
8317,0,0,0,0,0,0,21
8318,0,24,0,54,0,0,0
8319,20,0,0,0,0,0,19
8320,0,0,0,480,0,79,16
8321,0,0,20,0,0,262,0
8322,0,0,0,240,0,0,0
8325,0,0,0,0,0,24,0
8327,0,43,0,179,0,30,0
8328,0,11,0,50,0,20,0
8329,0,10,0,20,10,278,0
8331,0,139,22,0,0,0,139
8332,0,0,0,45,0,0,19
8333,0,0,0,0,0,0,22
8334,0,20,30,0,0,106,20
8335,9,0,20,158,141,298,332
8337,0,0,22,0,107,45,22
8338,0,19,0,0,0,30,89
8339,0,0,0,0,24,0,0
8340,0,0,20,318,340,130,35
8341,0,0,91,0,110,20,0
8342,0,209,20,83,20,0,150
8343,0,43,0,338,86,75,72
8344,62,451,589,1090,585,2273,1057
8346,0,0,0,32,72,183,0
8347,0,0,20,0,466,70,0
8348,0,24,60,58,152,187,297
8349,0,0,17,170,0,138,0
8350,19,413,33,113,71,376,136
8351,103,1293,2136,3461,1911,2935,1863
8352,0,37,0,0,0,0,0
8353,0,59,348,184,0,205,189
8354,0,20,93,85,55,111,111
8355,0,0,41,31,131,129,93
8356,0,144,0,0,104,0,13
8357,10,171,161,96,62,342,199
8359,0,0,0,52,0,30,0
8361,60,46,0,17,0,143,66
8362,0,51,10,103,38,371,80
8363,0,0,20,0,0,30,66
8364,0,29,9,37,62,75,0
8365,16,428,337,1034,1117,1892,1021
8366,0,72,0,45,139,383,0
8368,0,0,0,60,0,0,0
8369,0,19,0,65,35,69,341
8370,0,0,82,86,29,483,291
8371,0,0,17,0,21,69,0
8372,0,0,0,77,256,46,200
8373,0,53,40,76,507,293,163
8374,0,37,0,103,0,66,215
8375,0,39,57,283,70,334,180
8376,0,23,470,166,27,623,431
8377,0,0,0,60,59,322,0
8378,0,0,0,14,0,15,19
8379,0,0,0,0,21,138,78
8380,36,222,265,891,1026,1350,1027
8401,8,443,235,1265,790,1620,1141
8402,86,1004,623,698,226,440,1144
8403,209,410,1393,2591,1609,2810,1972
8404,251,602,492,1432,256,383,717
8405,0,8,543,1179,586,677,487
8411,22,217,169,522,799,1196,568
8412,255,1164,1578,1365,1659,807,959
8413,152,271,506,544,655,1254,412
8414,0,422,425,558,1077,108,319
8415,63,276,789,1412,908,3023,1885
8416,0,216,78,296,581,418,1680
8417,5,47,238,503,445,1002,380
8501,497,713,637,804,338,688,444
8502,141,40,22,163,0,0,16
8503,0,166,14,138,0,0,24
8504,132,809,202,391,251,47,245
8505,234,510,961,1386,392,222,859
8506,250,718,399,566,45,635,442
8507,189,417,833,1756,646,1509,1213
8508,114,639,457,982,529,848,548
8509,80,612,718,827,475,379,173
8510,87,418,33,118,207,67,99
8511,4,48,154,840,618,903,817
8512,8,339,985,1335,390,629,722
8513,5,127,419,1684,592,645,666
8514,0,18,0,0,0,0,0
8515,55,674,333,1918,271,647,569
8516,262,914,1165,1524,434,255,639
8517,17,143,287,887,226,1313,1451
8518,130,839,937,2028,498,768,1843
8519,0,135,301,0,0,32,0
8520,67,533,214,920,397,411,274
8521,123,104,106,417,0,193,205
8522,401,659,1416,3718,1720,3408,2362
8523,197,1243,1855,4270,1860,3085,3159
8524,11,59,168,475,481,319,323
8525,11,434,274,572,108,204,174
8526,108,379,594,745,855,1395,719
8527,0,103,185,494,530,438,394
8528,39,503,631,1430,507,1465,710
8529,338,437,1843,1971,1725,1185,1299
8530,280,483,1120,2091,1291,3145,1471
8531,67,240,254,1072,995,1579,1224
8532,14,129,229,220,125,889,203
8551,40,115,587,514,363,625,379
8553,0,613,606,840,1086,999,842
8554,159,1029,1839,2253,1689,1553,1653
8555,0,338,383,1272,124,169,752
8556,128,349,243,427,169,412,654
8557,10,79,148,326,54,449,377
8558,0,442,113,901,170,151,326
8559,60,1244,1199,4119,2338,2021,726
8560,59,75,216,588,589,599,602
8561,24,198,254,87,233,606,416
8562,107,932,1019,2084,831,939,736
8563,470,429,1042,2976,934,1585,1661
8564,83,842,1232,1545,888,1014,2001
8565,0,220,432,1186,251,1340,591
8566,19,19,39,0,0,30,127
8567,196,631,1324,1691,952,1012,1197
8568,64,850,425,1392,512,702,712
8569,55,311,444,847,364,369,465
8570,141,1241,1484,994,593,766,962
8571,10,376,280,299,538,858,545
8572,20,1040,801,467,183,284,341
8573,7,0,31,290,162,97,83
8574,7,775,943,1056,356,524,752
8575,39,147,88,717,111,336,490
8576,106,903,592,897,282,170,486
8577,546,1158,1086,397,483,1214,924
8578,167,1177,673,1570,285,930,422
8579,0,16,141,184,128,87,15
8580,0,20,579,162,297,640,255
8581,46,144,448,562,138,851,303
8582,0,14,532,1539,352,1585,961
8583,130,417,519,779,1256,536,484
8584,0,560,103,397,370,1391,266
8585,43,287,626,1277,920,1499,1088
8586,14,222,287,270,593,663,377
8587,0,0,114,347,112,439,21
8588,23,52,415,669,42,1065,757
8589,81,440,851,661,232,346,921
8590,68,317,690,1042,424,367,722
8591,0,525,525,685,514,1833,1172
8592,0,74,257,1303,1699,1408,892
8593,0,880,313,853,365,607,808
8594,0,88,131,538,135,267,312
8595,77,223,1517,2208,972,762,1185
8596,60,236,210,236,108,264,304
8597,0,417,286,753,1066,1981,1507
8598,0,64,0,281,390,454,128
8599,0,123,154,728,767,218,675
8600,115,18,34,89,293,0,0
8601,0,507,534,762,891,717,283
8603,169,450,340,339,131,112,237
8604,22,154,293,745,174,659,298
8605,192,434,280,590,30,666,756
8606,0,48,14,71,30,97,355
8607,51,529,487,851,615,413,824
8608,0,123,142,305,621,927,289
8609,29,160,113,179,0,91,124
8610,72,589,473,374,282,444,561
8611,83,60,49,128,87,197,123
8612,0,169,156,38,38,0,184
8613,57,429,163,507,95,341,488
8614,0,800,823,2023,92,181,455
8615,17,210,327,436,199,222,219
8616,0,20,0,150,0,137,66
8617,60,26,21,313,31,161,89
8618,13,204,631,667,310,561,498
8619,0,17,290,1344,202,334,14
8620,0,0,0,0,25,0,37
8621,42,704,526,574,803,163,780
8622,0,0,243,0,0,0,0
8624,0,0,25,0,0,0,0
8626,0,0,8,0,13,0,0
8627,0,93,36,225,336,625,394
8628,53,34,13,0,24,131,25
8629,0,48,236,470,381,172,627
8630,0,27,98,157,379,247,89
8631,0,0,4,0,0,0,0
8633,0,37,664,83,49,66,117
8635,87,888,448,1819,983,2001,1077
8636,4,0,0,25,12,68,126
8637,33,4,17,104,240,51,94
8640,0,326,906,1183,1073,1531,271
8641,0,9,1385,912,280,283,255
8642,119,39,302,397,829,928,1061
8643,0,0,0,0,0,0,63
8644,58,0,0,0,0,0,0
8645,0,94,46,0,0,0,22
8646,75,372,312,1176,281,407,360
8647,0,33,141,426,269,384,338
8648,30,178,183,397,213,431,158
8649,37,322,315,305,662,944,289
8650,0,14,46,129,22,207,32
8651,79,170,472,1357,479,948,564
8652,0,144,25,145,0,102,87
8653,0,233,176,313,82,247,277
8654,0,16,106,69,215,141,11
8655,0,407,111,0,0,0,45
8656,0,173,392,326,194,1434,229
8657,41,244,187,144,107,543,616
8658,0,225,192,568,241,714,525
8659,144,261,214,375,197,191,230
8660,59,402,624,1307,1080,391,689
8661,0,101,164,224,193,43,357
8662,0,357,405,542,201,523,298
8663,48,265,517,802,692,502,585
8664,40,285,267,230,110,335,34
8665,103,461,287,791,562,360,735
8666,6,400,516,717,137,332,529
8667,124,0,72,0,0,0,0
8681,187,808,491,365,104,188,503
8682,500,1378,1967,2097,924,1566,1660
8683,182,1360,1509,2049,449,1006,1492
8684,436,1744,1339,1684,883,84,724
8685,0,387,227,780,0,284,634
8701,333,612,519,433,49,0,839
8702,0,179,22,249,124,226,352
8703,44,282,226,202,25,181,451
8704,47,678,1096,1807,964,617,1487
8705,32,780,837,1103,474,278,1071
8706,116,402,413,264,159,504,544
8707,315,960,1261,656,665,385,910
8708,48,449,775,1033,763,697,1620
8709,172,1282,1064,1558,581,814,1795
8710,23,256,110,589,38,53,472
8711,168,1648,1700,1795,923,1824,1595
8712,147,1085,1045,1263,534,537,1184
8713,20,445,704,1219,99,605,1026
8714,143,312,836,1458,303,622,725
8715,81,864,587,2359,1053,1273,1133
8716,51,276,574,885,325,1190,446
8801,24,62,34,110,43,150,47
8803,34,387,364,1078,229,147,793
8804,0,381,1000,844,453,173,750
8806,238,505,1065,449,233,95,423
8807,81,1552,1033,920,500,254,134
8808,72,567,222,1649,558,363,585
8809,397,622,926,1196,311,1572,847
8810,270,238,1064,859,766,634,332
8811,426,834,827,1175,352,494,836
8812,842,2528,1377,855,155,306,758
8813,191,1121,617,1252,244,561,563
8814,5,29,0,38,67,436,29
8815,23,218,559,1647,1102,1228,751
8816,186,824,1032,872,237,222,1128
8817,55,1499,493,684,59,30,275
8818,438,1201,695,488,171,364,232
8819,0,415,446,422,772,366,555
8820,36,40,214,565,449,278,83
8821,0,141,209,50,0,174,385
8822,146,1662,1039,2599,122,210,1050
8823,0,1337,933,799,94,131,219
8824,0,99,0,0,0,0,0
8851,164,2102,2284,4563,1175,4401,3137
8852,144,681,882,1626,933,1275,1261
8853,355,933,801,832,241,307,532
8854,29,511,1053,1721,684,1643,1307
8855,56,748,987,3043,958,1556,1141
8901,9,559,464,828,658,1295,719
8902,10,173,578,515,363,634,987
8903,75,272,584,301,456,593,231
8904,0,234,128,339,288,174,134
8905,99,937,1656,2842,932,1629,1889
8906,0,82,586,1621,845,624,938
8911,13,635,642,931,176,359,152
8912,0,78,0,0,0,0,55
8913,199,428,190,355,0,431,239
8914,123,211,575,489,152,216,252
8915,122,380,371,1134,0,235,454
8916,52,602,338,892,644,1800,616
8918,0,276,186,188,187,764,355
8919,0,558,431,662,192,72,389
8920,39,276,73,377,157,33,123
8921,0,258,45,338,708,534,577
8922,147,721,38,298,66,20,789
8923,99,120,278,0,0,0,0
8924,96,430,114,222,0,15,1206
8925,267,514,368,161,23,50,2017
8926,46,467,327,141,201,65,147
8927,152,614,467,1337,528,293,617
8928,0,155,169,447,170,714,329
8929,0,298,15,129,0,0,55
8930,111,641,484,333,380,488,477
8931,0,0,0,0,0,131,0
8932,78,249,177,943,12,302,354
8933,231,176,631,611,0,58,111
8935,114,567,930,344,69,0,59
8936,51,73,237,28,28,358,160
8937,104,351,1287,1386,1539,1756,1409
8945,0,137,577,1531,391,93,708
8946,0,0,20,0,0,0,0
8947,0,78,135,604,702,551,386
8948,190,802,1104,832,289,30,415
8949,0,705,1028,1258,521,548,637
8950,73,657,773,2640,1010,2126,1483
8951,0,176,451,1031,706,720,562
8953,41,343,647,1503,994,1077,1256
8954,19,77,211,299,607,148,23
8955,51,182,16,175,6,0,155
8956,0,45,210,159,346,289,449
8960,93,1236,1574,3675,1557,3459,2946

