Fri Nov 03 2023 22:14:53 GMT+0000 (Coordinated Universal Time) - Run Time: 2867ms

Cross Tabulation Query Form - Trip - 2016 v1.1

Row: GGHM V4 zone of origin - ggh4_orig
Column: GGHM V4 zone of destination - ggh4_dest
Table: Start time of trip - start_time


Filters:
Day of week trip data were collected - trip_day In 4, 
and
Trip purpose of destination - purp_dest In H, 
and
Primary travel mode of trip - mode_prime In S, 

Trip 2016
ROW : ggh4_orig
COLUMN : ggh4_dest

TABLE    : start_time (805)

   ggh4_orig   ggh4_dest      total
        8427        8424         44

TABLE    : start_time (830)

   ggh4_orig   ggh4_dest      total
        2292        2297         10
        8103        8105          9

TABLE    : start_time (900)

   ggh4_orig   ggh4_dest      total
        8372        8405         18

TABLE    : start_time (910)

   ggh4_orig   ggh4_dest      total
        1564        1583         10

TABLE    : start_time (915)

   ggh4_orig   ggh4_dest      total
        1108        1423         50
        4189        4285         49
        4280        4280         20

TABLE    : start_time (1120)

   ggh4_orig   ggh4_dest      total
        2297        2297         10

TABLE    : start_time (1140)

   ggh4_orig   ggh4_dest      total
        8137        4070          5

TABLE    : start_time (1300)

   ggh4_orig   ggh4_dest      total
        1251        1483         36

TABLE    : start_time (1400)

   ggh4_orig   ggh4_dest      total
        1226        1313         34
        4121        4122         22
        4285        4322         21
        6140        6086         32
        7016        7016         55
        7083        7069         29
        7137        7133         24
        8596        8594         31
        8834        8826         34
        8834        8833         31
        8869        8873         55

TABLE    : start_time (1405)

   ggh4_orig   ggh4_dest      total
        4127        4096         78
        8255        8292         18

TABLE    : start_time (1410)

   ggh4_orig   ggh4_dest      total
        4177        4235         98
        7083        7067         55
        7083        7075         41
        8331        8288         91
        8331        8366         37
        8834        8851         17
        8835        8830         72
        8862        8835         16
        8869        8867         10
        8869        8875         76

TABLE    : start_time (1415)

   ggh4_orig   ggh4_dest      total
        1337        3196         13
        2031        2019         67
        2042        2006         13
        2094        2042          9
        2174        2194         30
        2235        2255         25
        4002        4014         40
        4060        4054          8
        4074        4097         17
        4127        4094         16
        4228        4224         30
        4310        4298         19
        4370        4367          9
        7016        7014         10
        7067        7060         44
        7083        7075         64
        7157        7043         19
        7157        7154         13
        8255        8312         24
        8293        8312         36
        8319        8290         31
        8834        8851         46

TABLE    : start_time (1420)

   ggh4_orig   ggh4_dest      total
        2174        2289         10
        3288        3362         25
        3343        3321         50
        3389        3368         11
        4032        4036         23
        4105        4041         23
        4121        4122         23
        4127        4065         19
        4310        4310         23
        4310        4329         18
        5051        5054         46
        7003        7030         39
        7037        7037         42
        7045        7045         18
        7087        7079         14
        7157        7090         21
        7159        7139          5
        8830        8831         26
        8834        8852         13
        9123        8842         28

TABLE    : start_time (1425)

   ggh4_orig   ggh4_dest      total
        2201        2149         55
        2201        2196         26
        3071        3159         20
        3071        3165         25
        3265        3272         22
        3269        3167         42
        3369        3173         11
        4021        4044         31
        4040        4023         52
        4074        4119         31
        4094        4123         34
        4121        4143         24
        4124        4111         22
        4204        4200         47
        4272        4320         14
        4310        4317          8
        4374        4362         25
        4374        4366         59
        5051        5050         13
        5132        5143         53
        7010        7016         39
        8309        8387         46
        8831        8835          7

TABLE    : start_time (1430)

   ggh4_orig   ggh4_dest      total
        1045        1021          8
        1322        4257         10
        1418        1292         30
        1484        1523         66
        2005        2019         67
        2036        2023          9
        2041        2010         14
        2042        2001        123
        2098        2065         15
        2138        2223         59
        2157        4099         13
        2174        2158         32
        2192        2149         12
        2198        2065         15
        2198        2131         37
        2201        2165         42
        2201        2271         28
        2222        2258         71
        3006        3097         17
        3071        3106         22
        3071        3144         31
        3071        3165         25
        3071        3197         41
        3130        3097         22
        3166        3187         19
        3196        3185         15
        3206        3221         19
        3212        3126         55
        3247        3224         41
        3247        3261          3
        3247        3266         52
        3247        3268          7
        3265        3407          6
        3317        3345         16
        3334        3334         15
        3358        3225         31
        3358        3259         80
        3389        3366         13
        3419        3404         55
        4010        5182         36
        4028        4010         12
        4028        4089         14
        4035        4037          7
        4040        4040         24
        4040        4054         20
        4046        4033          4
        4046        4058         40
        4057        4056         14
        4057        4067         30
        4059        4067         17
        4064        4105         15
        4069        4053         24
        4074        4033         19
        4074        4117         22
        4084        4051         33
        4097        4091         16
        4105        4050         36
        4111        4043          8
        4111        4084         61
        4111        4097         16
        4111        4312         10
        4111        5193         32
        4124        4087         16
        4124        4111         38
        4124        4122         35
        4124        4128         38
        4127        4119         35
        4128        4024         24
        4142        4128          9
        4160        4173         15
        4160        4214         20
        4189        4243         26
        4224        4246         10
        4228        4277         54
        4245        4058         40
        4273        4278         19
        4274        4278         19
        4274        4310         32
        4274        4331         22
        4278        4280         32
        4278        4320         19
        4297        4320         14
        4338        4303         19
        4370        4377         11
        4371        8702         41
        5024        5001         11
        5074        5130         43
        5096        5143         13
        5132        5143         16
        5135        5158         38
        5158        5142        136
        5158        5169         52
        5194        5186          5
        5194        5203          7
        6041        6009         43
        6090        6118         42
        6093        6061        157
        6096        6093         55
        7004        7009          4
        7010        7008          7
        7016        7024          5
        7037        7032         43
        7039        7087         24
        7039        7168         23
        7045        7046         55
        7083        7084         41
        7151        7137         22
        7157        7073         46
        8156        8156         14
        8213        8201         14
        8216        8237         16
        8252        8246         39
        8252        8255         25
        8252        8262          5
        8264        8238         53
        8264        8253         32
        8289        8536         15
        8293        8312         43
        8309        8387         20
        8330        8587         19
        8353        8331         25
        8366        8403         42
        8390        8400         31
        8392        8403         41
        8508        8520         21
        8826        8817         48
        8830        8821         17
        8830        8835         64
        8840        8846         10
        8862        8874         29
        8863        8858        206
        8863        8862         44
        8865        8865         36
        8898        8902         19
        8916        8916         37
        9012        9010         81
        9107        9104         24
        9111        9106         25
        9111        9120         32
        9123        9127        134
        9123        9141          5

TABLE    : start_time (1435)

   ggh4_orig   ggh4_dest      total
        2055        2008         12
        2112        2060          9
        2192        2224          8
        2196        2186        166
        2202        2150         33
        2256        2189         68
        3126        3179          4
        3126        3212         15
        3269        3256         98
        3343        3343         23
        4005        4084         24
        4021        4005         32
        4040        4023         12
        4251        4272         11
        5074        5076         15
        5076        5125          4
        5135        5156         20
        6093        6070         40
        8392        8396         12
        8392        8402         89
        8828        8875        135
        8863        8859         22
        8863        8875         54
        9111        9112         30

TABLE    : start_time (1440)

   ggh4_orig   ggh4_dest      total
        1275        1302          7
        1325        1325         16
        2055        2115         26
        2124        2198         39
        2141        2092         14
        2141        2097         17
        2141        2111         20
        2166        2201         37
        2281        2281         12
        3006        3019         63
        3051        3087         16
        3071        3144         28
        3235        3258         18
        3247        3285         30
        3285        3230         22
        3389        3397         43
        3419        3404         20
        3484        3489         34
        4011        4033          4
        4012        4027         11
        4023        4030         22
        4035        4024          4
        4061        4091         10
        4074        4009         12
        4094        4017          8
        4094        4123         39
        4121        4111         11
        4127        4119         58
        4204        4155         43
        4245        4186         28
        4272        4151         16
        4293        4148         19
        4293        4341         13
        4338        4299          9
        5132        5143         29
        5194        5188         16
        6214        6233         32
        7155        7166         30
        8309        8241         30
        8353        8331         16
        8390        8410         42
        8427        8418         44
        8809        8819         24
        8828        8828         18
        8830        8835         33
        9101        9102         15
        9107        9102         30
        9111        9112         40
        9111        9140         45
        9131        9009         28

TABLE    : start_time (1445)

   ggh4_orig   ggh4_dest      total
        1553        1615         45
        2124        2070         14
        2157        2089         20
        2157        2095         12
        2192        2188         18
        2192        2271         82
        2292        2299         16
        3051        3080         60
        3060        3032         12
        3071        3159         49
        3121        3108         39
        3161        3203         46
        3277        3309         26
        3317        3304        262
        3416        3476         35
        3484        3489         18
        4009        4018         41
        4039        4060         18
        4046        4042         25
        4061        4121         23
        4102        4066         12
        4121        4122         24
        4124        4148         83
        4164        4148         87
        4181        4210         74
        4245        4341         12
        4272        4246         14
        4285        4117         41
        4307        4303         19
        4328        4186         23
        4328        4312         10
        4338        8597         13
        5054        5055         27
        5073        5076         20
        5093        5107         34
        5133        5124          7
        5135        5151         24
        5194        5189         60
        5194        5191         56
        6031        6041         22
        6041        6023         63
        6059        6073         75
        6059        6103          6
        6060        6121        110
        6068        6103          6
        6177        6193         75
        7070        7069         44
        7073        7090         62
        7083        7084         23
        7087        7106         39
        7099        7094         10
        7099        7106         32
        7137        7087         16
        8121        8152         22
        8217        8245         44
        8236        8255        105
        8271        8281         29
        8293        8350         16
        8309        8387         69
        8366        8381         42
        8390        8408         33
        8392        8368         54
        8397        8405         89
        8815        8816         23
        8840        8846         54
        8898        8902         51
        9112        9114         63
        9123        9125         20
        9123        9145         33
        9131        9009         28

TABLE    : start_time (1450)

   ggh4_orig   ggh4_dest      total
        1251        1186         41
        2013        2014         48
        2143        2141         13
        2157        2095          5
        2177        2153         39
        2180        2130         11
        2181        2089         53
        2192        2263         12
        2198        2125         38
        2292        2281         16
        3051        3097         20
        3076        3069         29
        3108        3122         18
        3358        3258          7
        3473        3473         19
        4020        4040         66
        4032        4016         25
        4035        4024          8
        4039        4043          9
        4046        4058         13
        4069        4101          5
        4111        4015         13
        4142        4128         15
        4186        4341         12
        4274        4298         27
        4293        4298          5
        4341        4326         52
        5003        5008         27
        5076        5065         11
        5093        4023         37
        5093        5107         24
        5194        5183         53
        6068        6073         96
        6082        6076         46
        7033        8701         16
        7159        7162          8
        8121        8119         44
        8121        8154         38
        8125        8108         78
        8210        8211         25
        8333        8268         33
        8353        8319         25
        8390        8410         26
        8397        8375         51
        8828        8828          5
        8865        8873         22

TABLE    : start_time (1455)

   ggh4_orig   ggh4_dest      total
        2004        2009         11
        3023        3329         36
        3058        3044         33
        3369        3340         14
        3404        3404         17
        3404        3407         17
        3404        3416         24
        4064        4085          7
        4189        4162         23
        5132        5112         26
        5142        5166         24
        7083        7076         45
        7107        7118          8
        7157        7157         37
        8125        8107         29
        8333        8268         40
        8368        8344         17
        9131        9144         52

TABLE    : start_time (1500)

   ggh4_orig   ggh4_dest      total
        1006        1009         22
        1222        1216         64
        1239        1346          8
        1246        1272         37
        1249        1487         36
        1251        1222         39
        1252        4259         18
        1337        1371          5
        1341        1302         14
        1352        1352         57
        1352        1370         17
        1374        1388         49
        1392        1521         39
        1402        1358         16
        1493        1528         19
        1499        1529         11
        1525        1603         19
        1525        1605         21
        1525        1616         33
        1554        1625         20
        1564        3141         20
        1575        1603         17
        1582        1587         14
        1582        1625         30
        1602        1602         34
        2013        2009         18
        2013        2078         34
        2013        6228         39
        2030        2063         12
        2042        2121         14
        2055        2103         15
        2063        2074         35
        2094        3338          7
        2097        2097         30
        2097        2198         23
        2117        5195         52
        2138        2093          6
        2140        2055         58
        2157        2174         20
        2166        2165         42
        2169        2233         25
        2174        2233         36
        2177        2138        109
        2177        2181         27
        2198        2013         28
        2198        2143         47
        2198        2175         31
        2198        2241         32
        2201        2186         23
        2202        2150         20
        2223        2264         32
        2256        2258          6
        2292        2304         21
        2294        2194         12
        2295        2202         23
        2310        2311         45
        3023        4052         36
        3051        3034         38
        3058        3044         39
        3071        3144         46
        3083        3096         35
        3094        3145         19
        3097        3128         16
        3147        3128         15
        3195        3185         13
        3238        3355         27
        3247        3249         26
        3264        3259         14
        3265        3307         11
        3302        3293         44
        3303        3303         20
        3303        3307         24
        3317        3298         36
        3317        3318         12
        3358        3197         14
        3358        3258         27
        3358        3329         22
        3364        3414         67
        3369        3298         20
        3369        3397         21
        3373        3366         34
        3377        3242         44
        3404        3416         17
        3446        3426         34
        3446        3446         19
        3455        3455         52
        3466        3463         70
        3466        3488         64
        4002        4010         20
        4005        4038         10
        4016        4010         20
        4028        4135         23
        4035        4028          9
        4035        4037         18
        4035        4041         27
        4038        4067         14
        4040        4070         27
        4042        4058         25
        4046        4058         20
        4057        4067         49
        4060        4085          7
        4061        4053         24
        4064        4019         66
        4064        4027         38
        4077        4076         47
        4111        4044         19
        4117        4107         61
        4121        4133         35
        4124        4110         51
        4124        4148         34
        4127        4104         49
        4128        4084         23
        4135        4143         23
        4174        4173         30
        4186        4173         16
        4189        4228         58
        4189        4246         14
        4191        4214         17
        4228        4269         54
        4235        4210         99
        4235        4266         39
        4280        4270         29
        4280        4278         36
        4285        4221         37
        4285        4311         18
        4293        4330         18
        4310        4298         20
        4310        4329         28
        4320        4311        242
        4328        4199         13
        4328        4295         29
        4328        4307         42
        4338        4307         44
        4341        4331         41
        4367        4370         21
        4370        4362         36
        4370        4363         18
        4374        4367         39
        5034        5020         22
        5036        5059         39
        5045        5011         48
        5045        5038         10
        5059        4005          7
        5068        5085          4
        5069        5076         12
        5073        5129         19
        5074        5049         42
        5074        5108         96
        5076        5143         21
        5084        5084         27
        5093        5124         24
        5095        5081          9
        5095        5130         17
        5132        5143         13
        5133        5117         19
        5139        5159         38
        5162        5125         20
        5192        5195         43
        6019        6019         20
        6032        6032         34
        6050        6046         48
        6059        6085         35
        6069        7090         46
        6074        6121        110
        6088        6061         69
        6093        6070         13
        6104        6073        106
        6177        6223         20
        6177        6228        116
        6189        6179         13
        6198        6164         58
        6206        6171         72
        6208        6193         75
        7010        7004         55
        7010        7168         25
        7037        7033         67
        7045        7023         57
        7065        1529          7
        7083        7111         35
        7087        7079         14
        7100        7094         74
        7116        7116         24
        7122        7111         37
        7145        7113         22
        7145        7145         44
        7151        7156         58
        8020        8103          4
        8103        8105          9
        8107        8104         45
        8121        8131         62
        8139        8152         25
        8139        8155         11
        8153        8151         26
        8210        8230         17
        8210        8235         36
        8239        8239         15
        8243        8247         14
        8245        8213         30
        8252        8258         27
        8281        8268         38
        8282        8278         13
        8293        8312         62
        8303        8268         22
        8309        8214         45
        8321        8340         22
        8333        8268         29
        8340        8338         33
        8353        8268         40
        8353        8413         46
        8367        8353         13
        8368        8239          6
        8368        8308         31
        8368        8357         23
        8379        8348         17
        8390        8405         26
        8417        8417         30
        8506        8502         53
        8508        8520         85
        8702        8701          4
        8706        4359         10
        8805        8812          7
        8830        8832         29
        8830        8835         13
        8837        8851         17
        8840        8839         84
        8840        8852         13
        8863        8859         11
        8865        8873         12
        8865        8874         39
        8907        8890         16
        9010        9005         26
        9111        9114         10
        9123        9135         39
        9135        9123         12
       16359        8104         43

TABLE    : start_time (1505)

   ggh4_orig   ggh4_dest      total
        1301        1146         22
        1391        1333         16
        1484        1433         18
        1488        1421         16
        1564        1250         64
        1564        1346         52
        2034        2036         16
        2037        2013         21
        2198        2104         23
        2256        2282          9
        2318        2315         16
        3416        3465         23
        3484        3490         21
        4124        4122         26
        4186        4166         12
        4235        4332         22
        4328        4307         18
        4367        4370         31
        5010        5001         11
        5038        5043         15
        5054        5059         33
        5074        5049        148
        5095        5130         85
        6031        6052         22
        7107        7081         29
        7126        7126          8
        8104        8104         28
        8806        5065         28
        8834        8842         27
        8885        8886         44
        8898        8892         59
        9135        9101         26
        9140        9140         45

TABLE    : start_time (1510)

   ggh4_orig   ggh4_dest      total
        1070        1097         46
        1565        4247         99
        2063        2085         10
        2085        2085         10
        2157        2134         20
        3060        3087         25
        3135        3173         15
        3144        3126         30
        3282        3244         25
        3404        3404         37
        3429        3426         34
        3470        3472         12
        4005        4002         55
        4016        4027          7
        4035        4041         34
        4074        4053         13
        4135        4143         28
        4278        4200         20
        4328        4299          6
        5054        5059         29
        5093        5133         11
        5195        5189         30
        6050        6045         37
        6081        6086         32
        6085        6058         15
        7010        7010         26
        7016        7016         39
        7069        7075         41
        7145        7145         44
        8121        8153         28
        8139        8110          5
        8139        8156          8
        8281        8268         28
        8281        8360         10
        8506        8501         46
        8524        8514         48
        8576        8596         12
        8840        8837         24
        8874        8862         22
        8885        8887         38
        8890        8900          8
        8908        8917         41
        9145        9145         33

TABLE    : start_time (1515)

   ggh4_orig   ggh4_dest      total
        1103        1035         24
        1108        1222         41
        1150        1150         17
        1246        2067         14
        1270        1291         21
        1277        4257        120
        1367        1487         27
        1378        1378         28
        1467        1485         42
        1509        1312         17
        2004        2009         18
        2013        2036         16
        2014        2004         68
        2063        2085          9
        2295        2303         18
        3006        3033        117
        3097        3097         26
        3097        4290         14
        3147        3128          7
        3202        3345         29
        3216        3268         26
        3220        3280         23
        3358        3179         24
        3446        3449         17
        3466        3488         41
        4011        4005         23
        4030        3148         21
        4035        4024          8
        4058        4104         13
        4062        1055         31
        4062        1203         16
        4064        4035         28
        4074        4119         31
        4121        4133         25
        4127        4119         19
        4181        4171         28
        4189        4211         19
        4235        4279         16
        4235        4341         10
        4245        4341         14
        4252        4142         28
        4252        4311         34
        4278        4312         19
        4285        4335         16
        4363        4325         36
        4367        4370         35
        4370        4368         99
        5003        5006         64
        5032        3050         29
        5034        5044         35
        5034        5059         39
        5045        5064         12
        5075        5083         19
        5095        5130         85
        5143        5143         13
        5148        5148         17
        5192        5202         20
        5195        5183         18
        6059        6141          8
        6069        5038         52
        6069        7043         39
        6138        6073        119
        6220        6220         71
        7053        7044          9
        7053        7053         15
        7087        7063          6
        7091        7099          8
        7145        7154         34
        7154        7157         61
        8125        8154         16
        8139        8110          5
        8139        8152         56
        8264        8271         16
        8281        8364         17
        8288        4020         17
        8364        8376          7
        8381        8366         34
        8397        8420         18
        8506        8501         32
        8541        8533         35
        8577        8541         15
        8596        8594        112
        8601        8604         42
        8701        8702         45
        8807        8805          7
        8815        8801         23
        8815        8813         30
        8830        8831         22
        8830        8835         19
        8840        8842         29
        8885        8843         27
        8885        8886         38
        8907        8916         29
        9012        9004         24

TABLE    : start_time (1520)

   ggh4_orig   ggh4_dest      total
        1081        1097         25
        1378        1378         16
        1426        1467         17
        1506        1369          9
        1523        1475         27
        1547        1529         10
        1594        1565         25
        2021        2063         31
        2055        2103         30
        2198        2055         58
        3058        3044         28
        3094        3153         32
        3159        3144         33
        3202        3455         16
        3229        3230         20
        3282        3277         18
        3303        3334         19
        3399        3402         10
        3427        3462         10
        4069        4041         20
        4286        4177         74
        4371        8709         23
        5024        6232         37
        5032        3050         29
        5054        5059         19
        5061        5084         23
        5132        5143         15
        6031        6005         47
        6134        6051         84
        6179        8153         45
        7010        7024         25
        7037        7037         42
        7106        7127         19
        7154        7154         34
        7157        7157         15
        8139        8153         20
        8145        8106         18
        8235        8213         40
        8368        8381         33
        8709        8705         53
        8712        8712         58
        8890        8890         17
        8892        8892         59
        8898        8893         44
        8901        8901         48
        9008        9008         25
        9010        9012         42
        9140        9140         45

TABLE    : start_time (1525)

   ggh4_orig   ggh4_dest      total
        1204        1112          5
        1222        1330         22
        2037        2018         26
        2097        2235         34
        2295        2303          9
        3245        3193         15
        3488        3487         15
        4189        4155         20
        4189        4210          7
        4293        4265         42
        5024        5038         26
        5054        5051         21
        5059        2174          9
        5093        5133         35
        5095        5088         37
        6077        6032         90
        6093        6118         21
        7069        7075         45
        8900        8900         64
        9008        9009         28
        9012        9008         26
        9130        9124         55

TABLE    : start_time (1530)

   ggh4_orig   ggh4_dest      total
        1129        1387         16
        1150        1165         28
        1156        1062         28
        1156        1146         24
        1242        1271         26
        1246        1331         53
        1286        1459         17
        1292        1273         83
        1341        1302         14
        1348        1423         99
        1352        1370         58
        1393        1393         69
        1415        1443         48
        1423        1443         48
        1443        1443         48
        1447        1461         30
        1457        1479         29
        1457        1511         22
        1483        2013         21
        1502        4244         49
        1531        3150         11
        1568        1500         16
        1572        1562         18
        1581        1495         10
        1587        1575         21
        2008        2130         11
        2013        2004         27
        2063        2094         27
        2089        2181         17
        2141        2157         24
        2175        2182         58
        2246        2224          8
        2273        2258          6
        2295        2289         10
        2295        2302         34
        3055        3085         28
        3071        3144         22
        3135        3135         24
        3161        3120         14
        3171        1494         54
        3202        3473         19
        3207        3160          7
        3211        3196         13
        3221        3223         12
        3226        3110         30
        3229        3249         24
        3247        3293         19
        3255        3224         20
        3265        3295         21
        3272        2085          7
        3292        8814         17
        3296        3343         28
        3298        3298         20
        3303        3307         19
        3330        3318         15
        3342        3334         21
        3358        3242          9
        3362        3387         16
        3372        3341         19
        3372        3392         19
        3391        3361         23
        3466        3474         21
        3467        8826         21
        3488        3487         41
        4002        4017         24
        4009        4014         14
        4018        1437         47
        4038        1059          9
        4038        4057         18
        4039        4081         46
        4066        4061         18
        4074        4080         18
        4082        5132         28
        4093        4041         47
        4094        4027         11
        4094        4098         24
        4160        4177         17
        4181        4329         28
        4189        4155         21
        4189        4173         34
        4189        4177         58
        4189        4341         14
        4191        4214          8
        4214        4243         26
        4235        4200         47
        4263        4277         13
        4267        4310         25
        4285        4313         41
        4295        4322         22
        4310        4310         25
        4335        4314         60
        4338        4333         47
        4341        4333         26
        4363        4341         14
        4363        4344          8
        4367        4364         44
        5010        5059         25
        5039        5045         45
        5061        5049         30
        5107        5132         28
        5124        5124         18
        5125        5125         28
        5132        5143         39
        5158        5169         52
        5183        5183         15
        5189        5150         40
        5190        5183         31
        5195        5183        140
        5195        5185         14
        6032        6012         62
        6059        6104         29
        6114        6050         38
        6224        6230         23
        6227        6235         49
        7041        7043         19
        7073        7090         14
        7087        7079         19
        7099        7100         26
        7145        7145         31
        7151        7133         45
        8121        8119         46
        8121        8153         32
        8130        8119         46
        8130        8131         19
        8139        8150          6
        8156        8104         28
        8201        8201         13
        8209        8230         17
        8210        8210         13
        8262        8255         29
        8281        8243         31
        8281        8347         24
        8282        8249         39
        8360        8405         32
        8364        8376          9
        8382        8325          8
        8405        8391         51
        8424        8424         44
        8508        8520         26
        8528        8529         17
        8539        6165         89
        8572        8522         54
        8579        8596         21
        8596        8701         16
        8596        8707          8
        8600        8600         89
        8601        4337         14
        8601        5200         67
        8601        8600         44
        8701        8701          4
        8712        8712         21
        8810        8814         17
        8811        8802         30
        8811        8811         30
        8813        8803         59
        8815        8801         34
        8820        8826         28
        8826        8829         32
        8828        8828         18
        8835        8832         21
        8839        8837         18
        8865        8873         44
        8869        8873         55
        8901        8901          4
        8905        8899         29
        8908        8909          8
        8914        8914         27
        9111        9115        144
        9131        9140         10

TABLE    : start_time (1535)

   ggh4_orig   ggh4_dest      total
        1089        1031         34
        1146        1092         34
        1564        1535         34
        1571        1549         18
        2031        2031         10
        2063        2094         23
        2131        2175         44
        3187        3134         23
        3422        3417         24
        3474        3466         12
        4101        4110         19
        4111        4016         64
        4344        4299          9
        5069        5076         16
        5124        5124         40
        5189        5175         57
        7099        7100          8
        7130        7106         28
        8298        8419         33
        8366        8366         33
        8806        8802         44
        8866        8840         13
        8885        8871         18
        8901        8901          8

TABLE    : start_time (1540)

   ggh4_orig   ggh4_dest      total
        1151        1219        100
        1506        1496         34
        3160        3171         56
        3226        3309         10
        3304        3304         11
        3351        3364          7
        3367        3362         52
        3406        3415          6
        3488        3490         15
        4018        1272         37
        4060        4054         27
        4200        4196         39
        4246        4246         33
        4335        4326         34
        5074        5130         17
        5091        5022         26
        5139        5125         19
        5151        5143          8
        6094        6073         73
        8332        8304         13
        8422        8422         43
        8817        8830         21
        8828        8824         45
        8835        8835         16
        8879        8881        114
        8911        8911         48
        9135        9148         35
        9140        9140         10

TABLE    : start_time (1545)

   ggh4_orig   ggh4_dest      total
        1119        1041         22
        1239        1238         26
        1331        1292         36
        1494        1494         54
        1529        1587         18
        1553        1565          5
        2042        2009         18
        2149        2196         26
        3044        3058         18
        3187        3211         28
        3295        3353         30
        3299        3254         31
        3330        3318         15
        3351        3400         43
        3362        3259         40
        3391        3369         30
        3427        3455         67
        3427        3474         29
        3488        3485         25
        4021        4013         19
        4029        4014         14
        4054        4071         21
        4235        4200         20
        4285        4174         10
        4285        4326         15
        4287        4300         34
        4289        4277         36
        4335        4335         12
        4344        4280         14
        5053        5049         16
        5068        5055          4
        5094        5107         23
        5107        5107         20
        5148        5143         21
        6069        7090         14
        6140        6094         47
        7077        7076         45
        8215        8221          6
        8243        8247         14
        8391        8393         13
        8541        8527         28
        8701        8701          4
        8880        8889         51
        8893        8889         51
        8898        8889         51
        8907        8916         49

TABLE    : start_time (1550)

   ggh4_orig   ggh4_dest      total
        2189        2265         25
        2292        2299         14
        2295        2295         16
        3207        3221         52
        3258        3258         11
        4032        4119         11
        4054        4030          6
        4054        4044         10
        4228        4277         72
        4272        4269         29
        4287        4329         18
        4338        4319         15
        5073        5049         14
        5148        5148         30
        5195        5183         24
        6088        6061         50
        6108        6146         17
        6140        5025         21
        7099        7133          9
        7155        7109         14
        8347        8253         19
        8528        8501         46
        8528        8515         22
        8528        8520         14
        8572        8587         22
        8817        8818         25
        8828        8824         22
        9004        9004         24

TABLE    : start_time (1555)

   ggh4_orig   ggh4_dest      total
        1564        1593         29
        2246        2265         43
        3249        3362         52
        3427        3447         34
        4276        4259         15
        4335        4335          7
        5025        5028         12
        5092        5111         29
        5189        5158         21
        7099        7133         24
        8594        8596         14

TABLE    : start_time (1600)

   ggh4_orig   ggh4_dest      total
        1146        1255         10
        1259        1460          9
        1270        5080         81
        1347        1449         18
        1538        1539          9
        1558        1564          8
        1564        1314         33
        2013        2055         19
        3006        3075         25
        3028        3118         12
        3044        3085         51
        3087        3087         21
        3144        3179          6
        3187        3272         14
        3202        2281         36
        3202        3159         12
        3243        3249         14
        3247        3277          7
        3299        3254         21
        3345        3335         45
        3351        3393         41
        3355        3179         13
        3427        3462         21
        3483        3485         14
        4028        4089         22
        4132        4174         10
        4164        4285         49
        4177        4162         20
        4186        4228         19
        4189        4310         13
        4214        4214         21
        4246        4214         18
        4289        4307         67
        4300        4311         16
        4335        4335          8
        4358        4359         10
        5024        4017         28
        5034        5029         72
        5050        5059         39
        5059        5051         21
        5084        5069         21
        5084        5084          8
        5095        5088         12
        5107        5107         17
        5124        5124         12
        5195        5182         16
        7003        7030         39
        7037        7168         10
        7100        7126         23
        7126        7107          8
        7130        7137         59
        7145        7126         12
        8104        8102         23
        8201        8206          6
        8281        8340         40
        8528        8515         10
        8600        8604         28
        8601        8604         28
        8807        8801         34
        8842        8842         25
        8855        6031         28
        9022        9024        148

TABLE    : start_time (1602)

   ggh4_orig   ggh4_dest      total
        8421        8518         19

TABLE    : start_time (1605)

   ggh4_orig   ggh4_dest      total
        1257        1264         23
        2138        2150         33
        2198        2150         33
        3220        3214          4
        6229        6232         51
        7126        7107         16
        8137        8105          9
        8428        8417         33

TABLE    : start_time (1610)

   ggh4_orig   ggh4_dest      total
        2235        2241         42
        2292        2297         10
        3044        3065         23
        3226        3285         27
        3296        3334         11
        3372        3397         11
        4132        4173         15
        4189        4330          5
        7033        7139         14
        8601        8597         72
        8813        8815         14
        8862        8828         35
        9008        9009         28

TABLE    : start_time (1615)

   ggh4_orig   ggh4_dest      total
        2108        2227         16
        3296        3334         31
        4358        4373         13
        5092        5094         32
        5186        5182         16
        6140        6073         72
        7130        7133         38
        8156        8156          6
        8271        8405         18
        8572        8533         15

TABLE    : start_time (1620)

   ggh4_orig   ggh4_dest      total
        1331        1325         12
        3247        4200         10
        4061        4091         17
        4181        4268         15
        9010        9020         35

TABLE    : start_time (1630)

   ggh4_orig   ggh4_dest      total
        3069        1326         16
        3339        4337        101
        3438        3460          5
        4279        4268         20
        4356        4341         13
        5092        5093         36
        6140        5025         78
        8421        8212         47
        8815        8815         51
        8829        8820         21
        9144        9142         15

TABLE    : start_time (1635)

   ggh4_orig   ggh4_dest      total
        8885        8843         37

TABLE    : start_time (1640)

   ggh4_orig   ggh4_dest      total
        3196        3091         13
        8916        8918        114

TABLE    : start_time (1645)

   ggh4_orig   ggh4_dest      total
        2169        2233         15
        8137        6202         46
        8421        8568         21
        8421        8571         33

TABLE    : start_time (1650)

   ggh4_orig   ggh4_dest      total
        8255        8258         26

TABLE    : start_time (1700)

   ggh4_orig   ggh4_dest      total
        1481        1297         74
        3292        3244         24
        5183        5183         33
        6140        4007          9
        7010        7004         10

TABLE    : start_time (1705)

   ggh4_orig   ggh4_dest      total
        4129        4032         10
        8379        8400         30

TABLE    : start_time (1715)

   ggh4_orig   ggh4_dest      total
        4129        4038         40
        5074        4033          4

TABLE    : start_time (1730)

   ggh4_orig   ggh4_dest      total
        3023        4111         23
        8319        8239        179

TABLE    : start_time (1815)

   ggh4_orig   ggh4_dest      total
        1193        1165         28

TABLE    : start_time (1820)

   ggh4_orig   ggh4_dest      total
        1510        4244         25

TABLE    : start_time (1855)

   ggh4_orig   ggh4_dest      total
        1152        4013         12

TABLE    : start_time (1900)

   ggh4_orig   ggh4_dest      total
        1320        1302         52
        1525        1480         25
        2215        2085         26

TABLE    : start_time (1930)

   ggh4_orig   ggh4_dest      total
        4164        4051         20

TABLE    : start_time (1945)

   ggh4_orig   ggh4_dest      total
        1528        4210         49

TABLE    : start_time (2000)

   ggh4_orig   ggh4_dest      total
        4025        1101          9

TABLE    : start_time (2030)

   ggh4_orig   ggh4_dest      total
        3120        3120         14
        3153        1408         22
