Thu Nov 02 2023 15:23:34 GMT+0000 (Coordinated Universal Time) - Run Time: 2417ms

Cross Tabulation Query Form - Trip - 2016 v1.1

Row: GGHM V4 zone of origin - ggh4_orig
Column: GGHM V4 zone of destination - ggh4_dest
Table: Start time of trip - start_time


Filters:
Day of week trip data were collected - trip_day In 1, 
and
Trip purpose of destination - purp_dest In S, 
and
Primary travel mode of trip - mode_prime In P, 

Trip 2016
ROW : ggh4_orig
COLUMN : ggh4_dest

TABLE    : start_time (530)

   ggh4_orig   ggh4_dest      total
        1351        1336         33
        2139        3027         21

TABLE    : start_time (555)

   ggh4_orig   ggh4_dest      total
        8427        8427         27

TABLE    : start_time (600)

   ggh4_orig   ggh4_dest      total
        3369        1122         74
        4023        4025         36

TABLE    : start_time (610)

   ggh4_orig   ggh4_dest      total
        3408        3398         29

TABLE    : start_time (630)

   ggh4_orig   ggh4_dest      total
        1165        1003         18
        1220        3153         17
        2121        1114         28
        2121        1271         34
        3343        1341         30
        4246        4272         25
        5084        5101         22
        8711        4019          6

TABLE    : start_time (640)

   ggh4_orig   ggh4_dest      total
        4273        1469        102
        5096        1152         32

TABLE    : start_time (645)

   ggh4_orig   ggh4_dest      total
        2284        3351         38
        3407        3416         29
        8288        8290         70

TABLE    : start_time (650)

   ggh4_orig   ggh4_dest      total
        3189        1376         26
        4200        1376         47
        8712        8710          4

TABLE    : start_time (700)

   ggh4_orig   ggh4_dest      total
        1245        1265         17
        1334        1402        110
        1367        1402         12
        1369        1406          5
        1383        1270         18
        1383        1376         98
        1526        1560         57
        1534        1278          7
        1565        3027         29
        2175        2215         46
        3397        3373         18
        3404        1122         35
        4002        4002         11
        4030        4046         24
        4054        4040         13
        4331        4338         36
        5066        5101         63
        5084        5074         20
        5096        5041         27
        5143        5101         22
        5143        5143          8
        5182        5162         18
        6073        6140         55
        7014        7010         28
        7091        7155         38
        8524        8534         29
        8710        8872         20
        8895        8895         25
        9016        9012         30

TABLE    : start_time (705)

   ggh4_orig   ggh4_dest      total
        1626        1578         48
        2124        2181         25
        2177        2215         31
        3351        1152         52
        3452        3416         44
        4023        4111         27

TABLE    : start_time (710)

   ggh4_orig   ggh4_dest      total
        1123        1376         21
        1179        1165         17
        1570        1491          4
        1607        1599         81
        2276        2082         18
        4020        4023         40
        4173        4124         17
        4200        4328         15
        5058        5074         37
        8587        5158         28
        8839        8865         50

TABLE    : start_time (715)

   ggh4_orig   ggh4_dest      total
        1113        1189         40
        1282        1252         24
        1326        3153         14
        1336        1402         46
        1406        1114          5
        1451        1373         12
        2103        2094         18
        3101        1586         91
        3173        3184         20
        3263        3285         23
        3285        3247         24
        3408        3398         19
        4171        4094         24
        4260        4278         10
        4301        5195         11
        4301        5201         21
        8839        8835         31

TABLE    : start_time (720)

   ggh4_orig   ggh4_dest      total
        1126        1303         15
        1241        1245          7
        1556        1242         33
        3221        3285          7
        4117        4127         33
        6084        6140         29
        8326        8353         65
        8387        8333         52

TABLE    : start_time (725)

   ggh4_orig   ggh4_dest      total
        4274        4297         23
        5024        5036         28
        6100        6107         34
        7159        7162         14
        8381        8392         16
        8897        8872         25

TABLE    : start_time (730)

   ggh4_orig   ggh4_dest      total
        1030        1185         14
        1065        1243          6
        1089        1245         42
        1107        4038         18
        1207        1230         39
        1274        1111         17
        1312        1424         20
        1314        1317         26
        1339        1406         14
        1369        1325          8
        1408        1022         32
        1424        1278         10
        1436        1233         38
        1441        1076         14
        1495        1554         12
        1498        1529         12
        1531        1500         22
        1567        1620        107
        1585        1336         22
        1631        1631         52
        2048        1502         33
        2094        3268         13
        2107        2215         42
        2149        2140         19
        2149        2196         29
        2157        1554         25
        2205        2076         16
        2206        2227         34
        2233        2223         50
        3019        1114         45
        3034        3071         17
        3057        1446         25
        3087        3071         11
        3207        3206         53
        3211        3269         53
        3224        1424         12
        3235        3269          8
        3249        3249         13
        3251        3386         30
        3265        3355         24
        3345        3269         44
        3353        3358         24
        3382        3416         43
        3404        3416         20
        3417        3238         21
        3466        3468         16
        4010        5095         11
        4023        4059         24
        4032        4164         21
        4046        1376         20
        4052        4074         17
        4054        4059         17
        4071        4060         47
        4075        4078         45
        4090        4245         36
        4117        4025         22
        4128        4173         12
        4134        4127         23
        4152        4173         13
        4160        4124         17
        4187        4187         44
        4200        4285         25
        4214        4210         11
        4272        1270         33
        4272        4272         17
        4274        4297         68
        4293        1142         41
        4299        4338          6
        4301        4204         12
        4332        1376         68
        4333        4273         16
        4337        4328         26
        4348        4370         14
        5040        5040         34
        5050        5054         16
        5100        4124        104
        5112        5093         16
        5124        4040         26
        6002        6032         37
        6046        6050        114
        6046        6200         37
        7038        7037          8
        7087        7082         44
        7094        7109         43
        7139        7065         25
        7156        7151         65
        8213        8236         51
        8219        8255         27
        8364        8333         52
        8819        8809         25
        8830        8830         17
        8830        8835         20
        8837        8840         50
        8839        8840         73
        8850        8830         58
        8863        8869          7
        8867        8863         32
        9017        9012         54
        9148        9123         48

TABLE    : start_time (735)

   ggh4_orig   ggh4_dest      total
        1331        1406         13
        1341        1306         72
        2223        2223         32
        3097        3080         31
        4018        4074         18
        5189        5194         45
        6096        6093         50
        7144        7155         67
        8419        8421         42
        8839        8834         20

TABLE    : start_time (740)

   ggh4_orig   ggh4_dest      total
        1187        1167         24
        1418        1547          9
        2010        2041         21
        2028        1554         32
        2095        2215         29
        3147        3080         18
        3167        3166         19
        3252        3269         18
        3259        3255         16
        3287        3269         12
        3396        3416         24
        3419        3355         19
        4013        4016          9
        4025        4002         25
        4027        1003         30
        4078        4114         13
        4117        4127         25
        4121        4105         20
        4135        4121         29
        4138        1359         19
        4143        1249         25
        4186        4173         24
        4281        4173         12
        4370        4370         30
        5058        5061          9
        5069        5075         19
        5143        5132         38
        6046        6050         33
        8261        8309         24
        8315        8293         66
        8350        8293         11
        8358        8353         44
        8422        8397         25

TABLE    : start_time (745)

   ggh4_orig   ggh4_dest      total
        1079        6200         30
        1130        1175        135
        1162        1186          9
        1269        1261          8
        1291        1354         15
        1314        1406         13
        1323        1325          8
        1349        1517         19
        1351        1336         38
        1369        1381         18
        1408        1298         21
        1423        1381         35
        1481        1481         16
        1499        1418        113
        2004        2013         13
        2020        2041          6
        2094        2094         59
        2111        2098         15
        2121        2121         22
        2124        2143         40
        2175        2198         92
        2235        2235         40
        3087        3087         16
        3097        3080         20
        3119        3130         39
        3168        3238         22
        3173        3135         11
        3190        3121         20
        3203        3249         31
        3235        3235         17
        3249        3224         16
        3249        3249         68
        3268        3247         17
        3269        3220         30
        3276        3238         51
        3343        3369         30
        3356        2292         24
        3358        3343         24
        3407        3416         78
        3427        3416         27
        4005        4074         41
        4006        4002          8
        4010        4012         36
        4012        4002         11
        4017        4021         24
        4052        4054         14
        4066        4105         13
        4086        4074         40
        4087        4032         16
        4091        4039         16
        4113        4074         20
        4151        4131         52
        4173        4273         17
        4174        4245         14
        4235        4285         22
        4246        4278         21
        4259        4328         17
        4262        4251         25
        4266        4181         18
        4280        4370         17
        4300        4287         10
        4326        4330         30
        4329        4273         55
        4332        4332         32
        4332        4341         53
        5023        5016         18
        5049        5051         42
        5066        5074         15
        5083        5095         42
        5148        5135         34
        5151        5142         28
        5151        5158         35
        6099        6111         27
        6115        6105         18
        7045        7045         21
        7129        7155         34
        8125        6208         22
        8254        8380         36
        8319        8333         25
        8331        8366         27
        8360        8330         24
        8429        8427         17
        8805        8809         25
        8828        8828         36
        8855        8828         21
        8865        8865         22
        9013        9012         12
        9104        9107          3

TABLE    : start_time (750)

   ggh4_orig   ggh4_dest      total
        1030        1003         37
        1070        1003         25
        1131        4074         17
        1358        1424         26
        1423        1517         15
        1552        1226         42
        1556        1556         21
        1589        3121         29
        2014        1554         32
        2014        2031         29
        2094        2094         23
        2157        2175         16
        3065        1446         28
        3087        3051         16
        3087        3080         19
        3130        3135         40
        3165        3137          9
        3235        3269         31
        3251        3257         69
        3273        3281         27
        3273        3288         25
        3277        3277         38
        3295        3257         21
        3302        3281         15
        3302        3302         13
        3303        3269         25
        3309        3277         19
        3382        3389         43
        3409        3386          9
        4010        4013         13
        4013        4010         15
        4016        4016         41
        4057        1070         23
        4066        4129         42
        4078        4114         23
        4084        4061         27
        4135        4147         62
        4143        4121         30
        4186        4204         24
        4262        4189         10
        4268        1193         15
        4283        4266         11
        4300        4224          8
        4311        4310         13
        4328        4328         19
        4329        1510         44
        5045        5024          8
        5058        5061         32
        5065        5075         26
        5076        5076         68
        5084        5093          8
        5092        4013          9
        5122        5095         37
        5129        5096         43
        6040        6065        192
        7053        7158         24
        7077        7159         10
        7093        7083         30
        7138        7151         49
        8104        8139         55
        8357        8392         17
        8390        8392         92
        8402        8392         56
        8872        8865         11
        9141        9123         28

TABLE    : start_time (755)

   ggh4_orig   ggh4_dest      total
        1165        1103         18
        1338        1277         37
        1412        1242         14
        2060        2112         45
        2138        2174         18
        2150        2161         38
        2174        2138         19
        3099        3069          4
        3179        3179         11
        3187        3220         32
        3268        3216         10
        3281        3281         15
        3293        3285         67
        3302        3302         10
        4099        4097         22
        4121        4121         20
        4200        4228         21
        4228        4228         43
        4302        4361         24
        4311        4287         35
        5076        5075         44
        5076        5076         18
        5082        5075         17
        5124        6177         31
        5143        5135         41
        6138        6065         53
        8308        8290         65
        8392        8379         56
        8805        8809         19
        8866        8863         11
        9012        9012         25

TABLE    : start_time (800)

   ggh4_orig   ggh4_dest      total
        1009        1003         67
        1021        1185          8
        1057        1022         13
        1151        1510         63
        1204        1022         30
        1211        1278          5
        1246        1041         43
        1255        1041         14
        1272        1246         17
        1286        1325         15
        1301        1150         19
        1303        1317         22
        1314        1129          7
        1318        1259          7
        1326        1406         21
        1329        1468         59
        1336        1278         38
        1346        1331         18
        1351        1336         33
        1358        1347         26
        1367        1303         58
        1367        1402         12
        1369        1204          9
        1382        1226         69
        1382        1382         48
        1391        1242         13
        1400        1381         27
        1408        1500         29
        1408        1510         26
        1411        1353         20
        1423        1381         16
        1423        1517         12
        1436        1468         38
        1444        1455         25
        1447        1340         25
        1456        1402         27
        1456        1424         27
        1468        1620         41
        1486        1459         46
        1486        3065          9
        1494        1392         28
        1507        1560          7
        1511        1447         16
        1511        1479         16
        1518        1517         30
        1523        1523         24
        1535        1491         18
        1545        1517         55
        1545        1533         55
        1549        1597         28
        1557        1506         55
        1565        1620         27
        1567        1392         16
        1570        1468          9
        1592        1615         40
        1607        1471         28
        1613        1581          4
        1616        1588         64
        1628        1628         24
        2042        2042         22
        2047        2021         90
        2055        2042         26
        2121        2094         15
        2121        2121         22
        2124        2198         43
        2134        2138         46
        2143        2094         21
        2143        2097         21
        2150        2161         38
        2157        2198         57
        2175        2198         22
        2189        2223         13
        2191        2169         11
        2198        2198         35
        2206        2227         32
        2221        2202         14
        2223        2138         17
        2227        2227         15
        2292        2235         21
        3034        3006          9
        3055        3071          9
        3057        1586         24
        3060        3020         26
        3065        3071         17
        3089        3121         27
        3095        3121         52
        3116        3116         21
        3116        3232         27
        3119        3119         18
        3137        3116          9
        3141        1620         35
        3145        3094         34
        3145        3116         20
        3145        3170         23
        3153        3116         17
        3168        3155         24
        3170        3155         30
        3173        3130         14
        3177        3160         34
        3179        3179         13
        3189        3189         26
        3196        3116         32
        3197        3144         22
        3207        3206         21
        3214        3109         11
        3224        3285          7
        3227        3121         30
        3235        3269         19
        3253        3269         52
        3258        3144         16
        3269        3235         14
        3272        3117         12
        3272        3257         21
        3275        3269         13
        3276        3255         51
        3280        3280         87
        3282        3121         21
        3293        3249         18
        3302        3249         23
        3303        3089         23
        3317        3355         27
        3360        3339          8
        3369        3184         74
        3372        3389         31
        3388        3416         25
        3392        3375         16
        3392        3389         70
        3392        3416         21
        3394        3389         50
        3396        3398         19
        3403        3398         26
        4002        4009          8
        4005        4038         10
        4010        4009         21
        4014        5107         47
        4017        4019         23
        4018        4011         27
        4019        4011         29
        4020        4023         14
        4020        4074         27
        4023        4023         24
        4027        4012         12
        4030        4023         90
        4030        4082         13
        4040        1516         21
        4043        4035         30
        4044        4040         18
        4046        4074         10
        4052        4035         21
        4053        4056         13
        4054        4060         10
        4054        4129         42
        4056        4056         14
        4057        4032         83
        4057        4046         66
        4061        4084         17
        4067        4056         56
        4070        4040         16
        4072        4056         35
        4074        4074         41
        4075        4129         18
        4080        4105          7
        4082        4040         22
        4084        4066         40
        4088        1152         43
        4089        4060         11
        4099        4105         33
        4105        4097         39
        4110        4074          8
        4113        4074         16
        4114        4074         17
        4121        4052         22
        4121        4124         35
        4125        4105         18
        4129        4129         44
        4138        4181          8
        4162        8532         15
        4177        4177          8
        4191        4191         13
        4214        1376         25
        4245        4285         26
        4257        4267         13
        4259        4297         30
        4262        4251         42
        4265        4129         17
        4268        4267         30
        4268        4279        127
        4280        4266         49
        4286        4251         22
        4287        4273         29
        4293        4297         20
        4298        4310         43
        4300        4287         14
        4307        4328          9
        4311        4320         23
        4341        4341         28
        4362        3060         29
        4366        4370          8
        5003        5012         28
        5008        6227         29
        5011        5024         65
        5026        1376         39
        5038        5044         53
        5042        5045         20
        5044        5044         26
        5044        5092         50
        5068        5054         28
        5073        5074         32
        5075        5101         24
        5076        5076        100
        5091        5091         38
        5094        5075        101
        5095        5091         12
        5112        5132         26
        5124        5132         33
        5143        5132         22
        5183        5192         25
        5183        5194         33
        5190        5180         18
        5190        5194         18
        5192        5195         43
        5195        5194         26
        5196        5194          4
        6047        6065         32
        6050        6087         37
        6050        6105         31
        6085        6065         48
        6125        6111         97
        6132        6053         35
        6170        6177         59
        6179        6177         28
        6226        5044         41
        7009        7016         20
        7010        7003         12
        7023        7003         35
        7037        7037         87
        7062        7062         17
        7073        7073         40
        7133        7109         36
        7155        7159         33
        7168        7037         32
        8210        8216         14
        8217        8210         34
        8238        8243         13
        8247        8281         18
        8271        8282         22
        8279        8290         68
        8279        8333         59
        8299        8330         44
        8319        8366         92
        8334        8380         27
        8340        8364         16
        8357        8260         17
        8369        8366         11
        8390        8392         15
        8397        8380         21
        8413        8397         70
        8424        8427         28
        8427        8427         45
        8536        8528         15
        8541        8421         18
        8591        8596         20
        8596        8541         32
        8596        8596         13
        8701        8702          7
        8707        8710        108
        8871        8871         66
        8883        8885         28
        8900        8907         42
        9019        9010         68
        9025        9022         11
        9102        9123         23
        9112        9111         13
        9119        9107          9
        9134        9123         32

TABLE    : start_time (805)

   ggh4_orig   ggh4_dest      total
        1011        1022          8
        1131        1185         22
        1168        1259         20
        1251        1152         15
        1252        1212         51
        1339        1331         20
        1361        1185          4
        1409        1152          6
        1411        1353         30
        1426        1473         18
        1582        1440          4
        2060        2060         52
        2153        2177         35
        2233        2227         44
        2295        2295         29
        3104        3071         49
        3115        3155         15
        3116        3069         30
        3130        3173         14
        3134        3155         18
        3185        3116         15
        3219        3208         14
        3240        3135         61
        3302        3302         29
        3317        3317         54
        3334        3334         31
        3415        8872         39
        3452        3440         44
        4027        4032         27
        4030        4023         37
        4035        4028         13
        4042        4046         20
        4087        4097         21
        4105        4097         21
        4125        4105         22
        4138        4181          8
        4151        4177         17
        4177        4177         57
        4245        4297         26
        4273        4272         56
        5040        5044         30
        5050        5051         10
        5084        5075         21
        5121        5095         20
        5143        5162         19
        5183        5194         26
        5190        5194         22
        6137        6133        208
        7024        7083         28
        7157        7154         15
        8221        8210         44
        8238        8247         10
        8826        8826         16

TABLE    : start_time (810)

   ggh4_orig   ggh4_dest      total
        1022        1041         16
        1131        1041         23
        1229        1242         32
        1268        1314         33
        1272        3285         17
        1299        1494         54
        1325        1381         15
        1387        1366         28
        1388        1196         25
        1400        1381          7
        1453        3006         26
        1481        1408         18
        1505        3256          8
        1541        1566         17
        1547        1529         42
        1574        1620         21
        1594        1568          9
        2060        2060        101
        2085        2042         40
        2111        2067          7
        3016        3051         54
        3094        3196         16
        3126        3058         12
        3162        3220         20
        3166        3190         13
        3179        3179          9
        3201        3208         34
        3219        3208         15
        3226        3209         55
        3269        3265         41
        3391        3389         25
        3392        3373          4
        3397        3268         13
        4030        4035         14
        4057        4057         16
        4099        4097         16
        4099        4105         22
        4114        4094         16
        4189        4273         10
        4191        4191         16
        4259        4272         15
        4262        4251         29
        4287        4272         12
        4316        4276         55
        5030        5013         33
        5031        5034         39
        5039        5039         33
        5068        5054        187
        5076        5075         15
        5096        5096         26
        5133        5133         12
        7079        7099         20
        8155        8156         23
        8211        8211         16
        8221        8210         15
        8919        8916         18
        9008        9017         24

TABLE    : start_time (815)

   ggh4_orig   ggh4_dest      total
        1011        1196         33
        1119        1126          5
        1179        1103         18
        1223        1144         24
        1227        1333         21
        1248        1233         11
        1260        1235         13
        1272        1146         35
        1278        1278         33
        1297        1281         34
        1303        1343         86
        1309        1309         42
        1326        1354         31
        1372        1392          7
        1394        1305          6
        1394        1343         84
        1408        1491         32
        1411        1411         30
        1420        1333          9
        1458        1392         12
        1481        1406         22
        1481        1446         22
        1487        1487         42
        1494        1468          9
        1521        1565         26
        1528        1620         34
        1549        1446         75
        1556        1552          9
        1577        1516         59
        1580        1595         28
        1592        1525         13
        1626        1615         26
        2001        2004        121
        2150        2201         36
        2161        2082         38
        2175        2157         40
        2177        2158         53
        2178        2202         30
        2196        2196         29
        2198        2157         26
        2289        2295         11
        3141        3161          9
        3144        3144         22
        3160        3160         69
        3168        3153         45
        3173        3097         17
        3196        3238         20
        3212        3212         42
        3217        3187         22
        3224        3282         12
        3244        3247         24
        3247        3209         16
        3257        3257         35
        3303        3303         25
        3334        3339         37
        3377        1404         27
        3403        3403         49
        4005        5095         20
        4019        4013         30
        4023        4023         18
        4024        4035         39
        4030        4040         37
        4035        4035         47
        4040        4117         22
        4053        4117         19
        4057        1301         23
        4057        4117         54
        4071        4060         26
        4074        4074         15
        4076        4038         53
        4134        1156         17
        4155        4164          7
        4226        4186         40
        4228        4228         30
        4246        4224         16
        4251        4245         30
        4260        4273         16
        4262        4251         15
        4268        4279         15
        4293        4285          7
        4298        4310         15
        4311        4287         25
        4329        4317         32
        4331        4317         40
        4332        4341         24
        5018        5016         13
        5046        5059         13
        5076        5114         35
        5096        5130         37
        5129        5122         39
        5143        6227         22
        6050        6200         33
        6068        6059         79
        6106        6105         19
        6138        6115         53
        7067        7083         82
        7076        7070          5
        7107        7107         27
        8209        8209         25
        8337        8372         18
        8366        8366         19
        8586        8702         16
        8601        8601         47
        8885        8885         32
        8905        8907          4
        8908        8908        112
        9130        9135         37

TABLE    : start_time (820)

   ggh4_orig   ggh4_dest      total
        1041        1022         16
        1159        1137          9
        1179        1126         17
        1226        1242          9
        1229        1242         17
        1303        1321         24
        1306        1333         32
        1314        1345         33
        1323        1353         11
        1325        1331         15
        1337        1371         13
        1348        1411         12
        1366        1325          8
        1369        1353          5
        1372        1436         24
        1381        1381         14
        1384        1343         17
        1401        2021         60
        1417        1463          7
        1428        1486         14
        1461        1447         97
        1468        1392         23
        1511        1479         13
        1528        1432         19
        1537        1523         15
        1543        1525         89
        1556        1526         14
        1556        1556         48
        1580        1547         24
        1604        1615         36
        1615        1620         40
        1625        1553         19
        1625        1614         99
        1626        1578         30
        2143        2077          7
        2157        2157         34
        2198        2157         54
        2206        2206         32
        2241        2241         26
        3028        3020         20
        3060        3051         18
        3097        3097         20
        3170        3155         27
        3235        3269         21
        3247        3285         23
        3252        3153         15
        3263        3285         23
        3269        3295         13
        3281        3249         18
        3302        3226         25
        3415        3386         13
        4017        4019         13
        4050        4074          6
        4074        4074         19
        4081        4095         10
        4091        4066         44
        4210        4295         32
        4215        4276         47
        4226        4226          6
        4228        4199         26
        4311        4273         25
        5039        5026         77
        5133        5135         12
        6106        6105         47
        6235        6224         29
        7004        7004         16
        7009        7014         20
        7023        7073         35
        7037        7037         40
        8210        8217         12
        8331        8366         44
        8524        8541         42
        8885        8885         28
        8910        8908         32
        9130        9135         15

TABLE    : start_time (825)

   ggh4_orig   ggh4_dest      total
        1113        1022         12
        1144        1143         24
        1186        1333         22
        1229        1242         15
        1326        1367         53
        1487        1487         35
        1518        1512          4
        1556        1556         17
        2055        2063         46
        2097        2067         20
        2138        2138         58
        2141        2097         29
        2206        2155         34
        3058        3094         51
        3197        3144         44
        3216        3208         41
        3227        3257         17
        3257        3257         14
        4023        4023         14
        4062        4062         39
        4066        4066         44
        4105        4164          4
        4162        4174         20
        5084        5084         12
        5084        5107         56
        5195        5190         52
        6032        6053         43
        7053        7053         74
        7093        7083         47
        7106        7106         77
        8104        8104         24
        8139        8147         34
        8156        8125         11
        8248        8302         21
        8366        8339         19
        8908        8908        189

TABLE    : start_time (827)

   ggh4_orig   ggh4_dest      total
        4133        4124         23

TABLE    : start_time (830)

   ggh4_orig   ggh4_dest      total
        1009        1003         14
        1011        1041         35
        1022        1103         19
        1030        1030          9
        1044        1159         55
        1094        1101        221
        1121        1022         27
        1129        1197          7
        1185        1185         64
        1186        1162         15
        1202        1242         11
        1252        1232         52
        1281        1305         34
        1291        1343         15
        1299        1275         72
        1311        1159         13
        1312        1321         16
        1325        1331         33
        1330        1359         32
        1331        1213         34
        1331        1325         15
        1336        1343         52
        1338        1301         27
        1343        1343         37
        1355        1495         17
        1371        1340          7
        1375        1326         51
        1378        1378         17
        1382        1371         48
        1389        1392         27
        1394        1326         29
        1418        1418         72
        1436        1447         26
        1440        1426         31
        1440        1456         31
        1444        1444         16
        1449        1456         17
        1471        1448         56
        1505        1512         38
        1521        1475         10
        1539        1578         22
        1556        1583         48
        1583        1583         23
        1591        1565         18
        1594        1620          8
        1599        1569         29
        1599        1578         29
        1599        1599         90
        1600        1598         32
        1600        1626          7
        1602        1602         14
        1602        1620         16
        1617        1577         32
        1617        1617         35
        1620        3120         10
        1625        1615         16
        1625        1620         91
        2009        1552         31
        2009        2009         77
        2010        2021         75
        2014        2013         19
        2014        2031         64
        2018        2010         41
        2055        2094         35
        2060        2089          6
        2063        2094         58
        2094        2094          4
        2115        2094         27
        2118        2124         33
        2233        2218         27
        2288        2295         48
        3019        3020         18
        3033        3087         37
        3033        3095         76
        3040        3060         19
        3040        4293         19
        3055        3055         14
        3058        1555        316
        3097        3080         17
        3119        3051         15
        3124        3202         21
        3147        3147         14
        3173        3135         11
        3179        3179         13
        3195        3144         87
        3266        3285         11
        3268        3285         17
        3273        3362         36
        3275        3331          9
        3303        3269         15
        3303        3295         20
        3307        3295         22
        3330        3295         23
        3362        3351         69
        3419        3416         44
        3424        3428         24
        3425        3351         40
        3455        3427         17
        3462        3427         12
        4012        4012         18
        4019        4038         12
        4038        4005         10
        4040        4023         15
        4043        4030         39
        4074        4046         41
        4080        4131         30
        4098        4098         24
        4101        1277         31
        4110        4082         14
        4186        4186         12
        4191        4228         13
        4200        4200         27
        4200        4210          8
        4244        4244         25
        4259        4273         15
        4268        4279         49
        4333        4330         24
        4335        4276         45
        4341        4341         24
        4367        4362         16
        4375        3304         20
        5026        5034         39
        5050        5094          6
        5054        5054         24
        5076        5076          9
        5111        5102         13
        5122        5122         21
        5125        5125         28
        5129        5122         23
        6044        6053         71
        6111        6111         97
        6181        6206         32
        6211        6198         45
        6223        6227         12
        7032        7037         74
        7087        7087         20
        7100        7109         46
        7106        7106         18
        8105        8105         13
        8148        8148         24
        8152        8144          8
        8153        8154         22
        8156        8125         11
        8209        8210         46
        8219        8210        105
        8360        8364         51
        8381        8366         40
        8518        8541         20
        8536        8560         10
        8576        8576         43
        8596        8596         63
        8709        8706         58
        8835        8835         11
        8866        8831         13
        8885        8885         57
        9013        9010         22
        9013        9013         22
        9135        9109         17

TABLE    : start_time (835)

   ggh4_orig   ggh4_dest      total
        1185        1185         64
        1367        1354         37
        1425        1441         37
        1556        1583         17
        1594        1614         13
        3116        3116         26
        3212        3212         42
        3247        3247         24
        3266        3266          9
        3323        3295         33
        4005        5136         20
        4016        6146         78
        4110        2148         42
        4266        4255         38
        4340        4340         32
        4341        4341         15
        7009        7016         25
        8282        8282         38
        8427        8427         22
        8565        8572         31
        8576        8572         43

TABLE    : start_time (840)

   ggh4_orig   ggh4_dest      total
        1030        1030         25
        1150        1185         13
        1165        1245         19
        1186        1206          7
        1314        1265         59
        1340        1340         56
        1447        1495         26
        1456        1467         29
        1467        1494         29
        1507        1529         16
        1526        1434         60
        2038        2038          9
        2121        2115         34
        2175        2175         60
        3166        3117         30
        3195        3195         20
        3214        3257         24
        3249        3249         24
        3263        3247         21
        3467        3470         49
        4023        4023         24
        4023        4030         32
        4038        4017         34
        4066        4117         12
        4125        4117         18
        4174        4210         30
        4200        4228         27
        4235        4235         25
        4244        4244         90
        5038        5038         53
        5059        5054         38
        5082        1108         17
        8107        8139         12
        8326        8348         65
        8833        8839         31
        8916        8914         31
        9123        9135         24

TABLE    : start_time (845)

   ggh4_orig   ggh4_dest      total
        1009        1089         21
        1071        1071          7
        1098        1150         46
        1258        1321         22
        1275        1275         13
        1294        1293         27
        1313        1482         20
        1340        1340         15
        1371        1371         23
        1444        1444         16
        1457        1457         15
        1467        1467         40
        1537        1511         52
        1592        1587         18
        2008        2008         16
        2094        1246          6
        2204        2158         40
        3087        3130         37
        3137        3109         13
        3153        3124         15
        3179        3179         12
        3257        3292         16
        3293        3281         18
        3427        3431         27
        3428        3429         24
        4023        4030         61
        4055        4038         31
        4057        4057         39
        4060        4060         36
        4174        4171         17
        4235        4235         11
        4244        4228         25
        4311        8532         22
        4341        4335         22
        4341        4341         16
        4345        4341         26
        5059        5040         21
        5122        5122         29
        5182        5189         32
        6003        6140         25
        6050        6198         92
        6056        6051         80
        6222        6229         20
        7004        7004         58
        7163        7162         38
        8115        8107         10
        8156        8156         44
        8255        8255         34
        8427        8425         27
        8576        8576         45
        8805        8805         19
        8818        8818         13

TABLE    : start_time (850)

   ggh4_orig   ggh4_dest      total
        1062        1045         21
        1569        1554         14
        1577        1577         16
        2107        2063         51
        3055        3071         14
        3071        3065         12
        3124        3124         21
        3150        3161         10
        3189        3189         11
        3273        3273         18
        4057        4057         48
        5188        5195         17
        8156        8156         32
        8818        8818          5
        9121        9124         55

TABLE    : start_time (855)

   ggh4_orig   ggh4_dest      total
        3094        3094         11
        4259        4272         30
        9104        9104          3

TABLE    : start_time (900)

   ggh4_orig   ggh4_dest      total
        1216        1376         22
        1226        1242         45
        1288        1275         24
        1444        1388         53
        1556        1556         43
        1585        1564         37
        1604        1554         14
        2008        2215         50
        2124        2215         20
        2175        2175         22
        2235        2235         20
        3226        3226         19
        3257        3296         30
        3272        3295         20
        3277        3296         38
        3362        3351          5
        3363        3367         83
        4043        4025         39
        4052        4025         21
        4097        4105         40
        4098        4098         22
        4155        4189         20
        4191        4025         13
        4214        4164         23
        4300        4310          4
        4341        4356         26
        5044        6227         41
        5046        6140         13
        5076        4090         23
        5084        5084          8
        6065        6200         61
        8271        8281         13
        8308        8308         17
        8366        8380         40
        8393        8375          3
        8421        8424          4
        8601        8601        109
        8851        8834         16
        8866        8863         14
        8875        8875        110
        9317        9317          5

TABLE    : start_time (905)

   ggh4_orig   ggh4_dest      total
        1409        1230          6
        1444        1444         13
        2107        2150         26
        3277        3296         25
        5124        5124         21
        8818        8818         50

TABLE    : start_time (910)

   ggh4_orig   ggh4_dest      total
        1444        1444         13
        2149        2149         31
        3272        3296         15
        3419        3455         17
        4020        4012         14
        5124        5148          8
        7094        7109          5
        8124        8121         54
        8238        8247         15
        8829        8826         21

TABLE    : start_time (915)

   ggh4_orig   ggh4_dest      total
        1312        1554         15
        1423        1469         44
        3058        1510         51
        3285        3247         21
        3330        3184         16

TABLE    : start_time (920)

   ggh4_orig   ggh4_dest      total
        5037        5036         50
        8390        8390         28

TABLE    : start_time (925)

   ggh4_orig   ggh4_dest      total
        2177        2058         53
        5095        5095         52
        7070        7065         48

TABLE    : start_time (930)

   ggh4_orig   ggh4_dest      total
        1063        1152         18
        1219        1510         93
        1583        1385         26
        1603        1554         46
        2218        2116         24
        2223        2215         16
        3288        3281         26
        4074        1376         22
        7151        8872         26

TABLE    : start_time (935)

   ggh4_orig   ggh4_dest      total
        1625        1560         12
        3285        3285          6

TABLE    : start_time (940)

   ggh4_orig   ggh4_dest      total
        7016        7082        117

TABLE    : start_time (945)

   ggh4_orig   ggh4_dest      total
        1047        1030         24
        2089        2075         21
        4005        4025         13
        4066        4093         13
        5017        6200         41
        7090        7145         49

TABLE    : start_time (950)

   ggh4_orig   ggh4_dest      total
        3285        3285         23

TABLE    : start_time (955)

   ggh4_orig   ggh4_dest      total
        1323        1325         11
        3197        3144         34
        6194        6200         90

TABLE    : start_time (1000)

   ggh4_orig   ggh4_dest      total
        1109        1152         11
        1159        1114        107
        3221        1349          8
        3302        1554         43
        4277        4164         56
        4311        4142         17
        5111        4077         21
        7151        7082         69
        8268        8380         37

TABLE    : start_time (1005)

   ggh4_orig   ggh4_dest      total
        3362        3362         31

TABLE    : start_time (1010)

   ggh4_orig   ggh4_dest      total
        4330        4341         10

TABLE    : start_time (1015)

   ggh4_orig   ggh4_dest      total
        1436        1586         23
        4341        1152         15

TABLE    : start_time (1020)

   ggh4_orig   ggh4_dest      total
        1192        1242         35

TABLE    : start_time (1030)

   ggh4_orig   ggh4_dest      total
        2097        2076         15
        3137        1510         35
        3180        3058         21
        4117        1376         40
        4164        1510          5
        7093        6200         30
        8146        8108         14
        8238        8253         24

TABLE    : start_time (1040)

   ggh4_orig   ggh4_dest      total
        5041        5044         29
        5091        5101         14

TABLE    : start_time (1045)

   ggh4_orig   ggh4_dest      total
        3280        1560         32

TABLE    : start_time (1050)

   ggh4_orig   ggh4_dest      total
        3369        3369         94

TABLE    : start_time (1055)

   ggh4_orig   ggh4_dest      total
        3251        1321         15

TABLE    : start_time (1100)

   ggh4_orig   ggh4_dest      total
        1092        1510         40
        1165        1003         18
        1418        1152         23
        3117        3341         17
        3247        3285         16
        8357        8392         23
        8709        8706         42
        8814        8809         17
        9134        9109         32

TABLE    : start_time (1105)

   ggh4_orig   ggh4_dest      total
        2009        2013         16

TABLE    : start_time (1120)

   ggh4_orig   ggh4_dest      total
        5047        5053         12

TABLE    : start_time (1130)

   ggh4_orig   ggh4_dest      total
        1367        1467         14
        4038        5195         21
        8893        8893        106

TABLE    : start_time (1145)

   ggh4_orig   ggh4_dest      total
        8382        8390         12
        8833        8840         50

TABLE    : start_time (1150)

   ggh4_orig   ggh4_dest      total
        3055        1586         16

TABLE    : start_time (1200)

   ggh4_orig   ggh4_dest      total
        1151        1126         16
        4041        4065         14
        5024        6132         33
        5083        5080         26
        8337        8281         44
        8381        8244         23

TABLE    : start_time (1205)

   ggh4_orig   ggh4_dest      total
        3056        4025         32

TABLE    : start_time (1210)

   ggh4_orig   ggh4_dest      total
        1370        1335         18

TABLE    : start_time (1220)

   ggh4_orig   ggh4_dest      total
        2055        2042         26

TABLE    : start_time (1230)

   ggh4_orig   ggh4_dest      total
        3065        1510         17
        3302        1554         29

TABLE    : start_time (1245)

   ggh4_orig   ggh4_dest      total
        2160        2201         13
        4061        4025         48
        6130        6093         31

TABLE    : start_time (1300)

   ggh4_orig   ggh4_dest      total
        3203        1554         31
        4076        4025         31

TABLE    : start_time (1325)

   ggh4_orig   ggh4_dest      total
        8365        8384         13

TABLE    : start_time (1345)

   ggh4_orig   ggh4_dest      total
        1537        1510         15

TABLE    : start_time (1400)

   ggh4_orig   ggh4_dest      total
        3141        1357         35

TABLE    : start_time (1415)

   ggh4_orig   ggh4_dest      total
        1181        1152         35

TABLE    : start_time (1500)

   ggh4_orig   ggh4_dest      total
        4330        4378         13

TABLE    : start_time (1510)

   ggh4_orig   ggh4_dest      total
        9130        9138         22

TABLE    : start_time (1700)

   ggh4_orig   ggh4_dest      total
        4023        8380         44
        5124        5101         26

TABLE    : start_time (1745)

   ggh4_orig   ggh4_dest      total
        1246        1011         15

TABLE    : start_time (1830)

   ggh4_orig   ggh4_dest      total
        1616        1554         64
        3277        3184         11

TABLE    : start_time (1845)

   ggh4_orig   ggh4_dest      total
        5107        5101         19
