Sat Nov 04 2023 00:49:43 GMT+0000 (Coordinated Universal Time) - Run Time: 2550ms

Cross Tabulation Query Form - Trip - 2016 v1.1

Row: GGHM V4 zone of origin - ggh4_orig
Column: GGHM V4 zone of destination - ggh4_dest
Table: Start time of trip - start_time


Filters:
Day of week trip data were collected - trip_day In 5, 
and
Trip purpose of destination - purp_dest In D, 
and
Primary travel mode of trip - mode_prime In D, 

Trip 2016
ROW : ggh4_orig
COLUMN : ggh4_dest

TABLE    : start_time (500)

   ggh4_orig   ggh4_dest      total
        3470        8885         32

TABLE    : start_time (530)

   ggh4_orig   ggh4_dest      total
        4221        1070         23

TABLE    : start_time (600)

   ggh4_orig   ggh4_dest      total
        1239        1318         27
        1292        1219         28
        1621        1122         13
        2201        2160         32
        8807        3159         14

TABLE    : start_time (620)

   ggh4_orig   ggh4_dest      total
        3487        3486         24
        8245        8232        119

TABLE    : start_time (625)

   ggh4_orig   ggh4_dest      total
        2118        2098         25
        2206        2095         19
        4098        4051         40
        8826        8829         37

TABLE    : start_time (630)

   ggh4_orig   ggh4_dest      total
        2055        2055         42
        2066        2004         17
        2118        2020         17
        4027        4024         19
        4280        4210         39
        8245        8255         19
        8820        8814         39

TABLE    : start_time (640)

   ggh4_orig   ggh4_dest      total
        1604        3266         10
        3095        1516         38
        3212        3210         10
        5073        5070         11
        5113        4052         20
        7072        7065         16
        8576        8576         40

TABLE    : start_time (645)

   ggh4_orig   ggh4_dest      total
        1035        1130         17
        2158        2164         28
        3137        3036         22
        3466        3467         37
        4191        4121         15
        6105        6105         25
        8805        3114         22
        8889        8889         42

TABLE    : start_time (650)

   ggh4_orig   ggh4_dest      total
        2020        2028         28
        2138        2138         25
        3277        3220          9
        3392        3394         12
        4104        4066          7
        8858        8858         21

TABLE    : start_time (655)

   ggh4_orig   ggh4_dest      total
        1480        1499         67
        3095        3095         38
        3362        3362         21

TABLE    : start_time (700)

   ggh4_orig   ggh4_dest      total
        1252        1116         25
        1304        1282         28
        1338        1318         20
        1525        1480         61
        1555        1571         33
        1598        1598          8
        2013        2004         22
        2031        2039         35
        2094        2094         15
        3097        3097         11
        3116        3124         30
        3130        1292         24
        3173        3115          8
        3186        3224         22
        3288        3202         14
        3382        3391         13
        3398        3361          8
        3424        3412         44
        3453        3446         37
        3488        3486         14
        4027        4020         25
        4064        4060         50
        4081        4094         15
        4188        4173         10
        4245        4188         18
        5054        5054         16
        6095        6041         57
        6224        6227         21
        8148        8148         26
        8239        8309         24
        8245        8245          5
        8587        5183         29
        8595        5182         41

TABLE    : start_time (705)

   ggh4_orig   ggh4_dest      total
        3400        3367          5
        5124        5124         11
        5158        5132         35
        5190        5183         35
        6019        6019         18

TABLE    : start_time (710)

   ggh4_orig   ggh4_dest      total
        1323        3412         14
        1352        1216         10
        1535        1494         16
        2198        2157         26
        3028        3023         28
        3223        1630         86
        4016        4013         22
        4054        4079         23
        4098        4098         18
        4280        4311         16
        5040        5029         17
        5049        5090         58
        5054        5054         17
        5182        5185         14
        6032        6032         22
        8148        8148         26
        8210        8215         10
        8805        3474         21

TABLE    : start_time (715)

   ggh4_orig   ggh4_dest      total
        1008        5103         10
        1062        1047          6
        1178        1130         10
        1351        1342         18
        2302        2289          4
        2302        2296         15
        3056        1217         11
        3299        3273         28
        3302        3302         14
        3330        3330         14
        3333        3333         36
        4019        4011         19
        4053        4177         34
        4273        4273         38
        4287        4313         16
        5018        5022         30
        5046        5011         45
        5054        5054         15
        5065        5107         11
        5083        5083         42
        5158        5145         35
        5189        5189         27
        6224        6227         21
        8350        8312         11
        8527        8536         24
        9140        9140         80

TABLE    : start_time (720)

   ggh4_orig   ggh4_dest      total
        1231        1260         13
        1299        1260         12
        2006        3404         17
        2227        2141         15
        3259        3249         22
        3273        3259         28
        3302        1559         14
        3394        3373         14
        3408        3389         31
        4074        4094         13
        5022        5046         58
        5080        5080         23
        6085        6105         59
        8248        8247         28
        8826        8829         30
        8834        8833         23

TABLE    : start_time (725)

   ggh4_orig   ggh4_dest      total
        1208        1208         10
        1624        1631         83
        3173        3189          9
        3265        3275         28
        8104        8104         18
        8858        8869         25

TABLE    : start_time (730)

   ggh4_orig   ggh4_dest      total
        1001        1002         31
        1009        1011         34
        1011        1004         10
        1011        1041          9
        1013        1022         28
        1029        1103         24
        1059        1059         18
        1151        1151         17
        1158        1118         16
        1222        1330         23
        1223        1143          8
        1239        1197         17
        1243        1111         16
        1263        1479         28
        1306        1303         22
        1309        1309         19
        1314        1170         46
        1340        1328          8
        1343        1343         18
        1380        1321         16
        1412        1412         30
        1421        1461         18
        1441        1185         10
        1466        4081          4
        2023        2004         24
        2063        2042         39
        2085        2085          9
        2165        2189         43
        2174        2095          9
        2196        2212         30
        2204        2204         25
        3040        3024         33
        3089        1473         62
        3127        3348         21
        3135        3135         15
        3144        3144         23
        3145        3145         19
        3168        1535         15
        3170        3188         11
        3173        3210         20
        3331        3330          8
        3335        3341         20
        3364        3302         15
        3419        3431         36
        3485        3483          6
        4023        4023         32
        4030        4060         11
        4032        4032         11
        4034        4059         12
        4042        4057          6
        4064        4111         57
        4074        4046         18
        4074        4074         13
        4096        4080         15
        4129        4119         48
        4141        4113         18
        4191        4200         16
        4210        4210         43
        4218        4235         13
        4238        4232         43
        4279        1283         16
        4286        4260         52
        4307        4289         33
        4362        4367         25
        4363        4102         15
        5024        5003         15
        5054        5044         32
        5059        5059         16
        5096        5102          6
        5110        5122         19
        5124        5142          9
        6032        6032        104
        6134        6041         29
        6167        6121         96
        6233        6232         23
        7067        7065         30
        7073        7073         26
        8243        8238         27
        8245        8245         18
        8255        8312         36
        8296        8421         22
        8310        8300         53
        8389        8268         19
        8521        8520         32
        8562        8571         21
        8576        8578         26
        8805        8810         60
        8814        3372         20
        9017        9012         29
        9126        9115         21
        9134        9112         14

TABLE    : start_time (735)

   ggh4_orig   ggh4_dest      total
        1002        1002          5
        1275        1260         11
        3159        3159         20
        3272        3271          9
        4066        4066         14
        4181        4269         19
        4345        4341         11
        4366        4364         21
        6032        6121        104
        7073        6041         26
        8406        8271          9
        8576        8576         21
        8596        8596         19

TABLE    : start_time (740)

   ggh4_orig   ggh4_dest      total
        1088        1058         14
        1146        1045         23
        1255        1062         36
        1258        1202         13
        1274        1240         15
        1275        1091          9
        1587        2053         19
        2227        2194         15
        3116        1347         14
        3144        3195         23
        3189        3189          5
        3265        3295         26
        3330        3210         16
        3455        3417         13
        3455        3440         57
        4002        4002         55
        4032        4046         11
        4040        4040         10
        4200        4226         45
        4228        4328         27
        5044        1009         32
        5073        5090          7
        6065        6052         66
        6085        6091         32
        6184        6147         21
        8829        8826         15
        9130        9118         11
        9145        9147         37

TABLE    : start_time (745)

   ggh4_orig   ggh4_dest      total
        1002        1002          9
        1022        1027         12
        1022        1041         12
        1201        1217          6
        1215        1209         10
        1222        4007          7
        1243        1224         29
        1260        1288         11
        1323        1246         16
        1323        1268         16
        1340        1258         19
        1459        1325         19
        1467        1394          9
        1585        1568         39
        1619        1559         47
        2019        2100         16
        2141        2174         24
        2157        2097         12
        3016        1442         35
        3056        3147         12
        3235        3220         12
        3249        3129         14
        3266        3241         24
        3285        3261         10
        3293        3241         13
        3351        3400         31
        3394        3391         20
        3417        3417         28
        3431        3431         33
        4038        4050         22
        4045        4042          5
        4046        4034          7
        4060        5145          5
        4214        4278          9
        4251        4251          9
        4272        4267          9
        4289        4278         33
        4297        4215         37
        4366        3062         17
        5031        5022         18
        5108        5095         54
        5188        5183          9
        6121        6176         96
        6224        5038         25
        8107        8107         26
        8148        8152         25
        8572        8577         19
        8815        8815         15
        8830        8830         16
        8883        8887         19
        8886        8843         54

TABLE    : start_time (750)

   ggh4_orig   ggh4_dest      total
        1142        1129         39
        1253        1207         11
        1343        1380         18
        2063        1526         37
        3159        3258         20
        3259        3280         15
        3266        3268          5
        4117        4117         26
        7067        7067         19
        8308        8363         22
        8391        8410          6
        8813        8821         22

TABLE    : start_time (755)

   ggh4_orig   ggh4_dest      total
        1204        1220          5
        1215        1192         21
        1281        1227          9
        1490        1449         25
        3223        3221         18
        4046        4088         11
        4071        4079          5
        5046        5059         35
        7053        7053         71
        9122        9118         29

TABLE    : start_time (800)

   ggh4_orig   ggh4_dest      total
        1006        1006         32
        1101        1144         68
        1121        1151         10
        1126        1136         12
        1158        1112         10
        1206        1218         27
        1207        1192         22
        1225        1209         65
        1242        1242         14
        1244        1278         19
        1249        1245         15
        1254        1254         15
        1288        1258         13
        1371        1328         21
        1383        1453         20
        1394        1347          9
        1408        1375         28
        1461        1378         76
        1533        1491         22
        1539        1565         15
        1557        3117         23
        1568        1500          7
        1613        1613         16
        2013        2031         25
        2023        2004         23
        2036        2055         12
        2143        2143         23
        2187        2187         14
        2189        2189         20
        2205        2131         12
        2206        2138         40
        2227        2131         16
        2233        2141         19
        3058        3069         17
        3097        1387         20
        3117        3117         32
        3121        3257         17
        3137        3116         14
        3137        3137         21
        3148        3099         31
        3173        3189         28
        3179        3179         11
        3196        3196         23
        3247        1516         11
        3257        3272         11
        3266        3244         15
        3293        3266         13
        3409        3403         33
        3427        3416         41
        4013        4013         16
        4023        4035         19
        4080        4039         23
        4155        4148         17
        4162        4127         18
        4173        4200         12
        4191        4200         27
        4260        4260         44
        4298        4298         22
        4311        4272         21
        4332        4341         23
        5037        5034         21
        5038        5038         13
        5054        5054         26
        5076        5115         27
        5091        5091         21
        5093        5092        105
        5129        5122          8
        5133        5158         18
        5143        5143         13
        5159        5143         39
        6090        6100         43
        6152        6152         18
        6211        6190         18
        7033        7028         21
        7045        7133         12
        7094        7094         13
        7094        7148         51
        8222        8232         23
        8249        8248         36
        8255        8503         15
        8261        8309         13
        8334        8422         40
        8368        8395         11
        8375        8386         21
        8377        8350         15
        8377        8377         15
        8427        8427         16
        8831        8834         36
        8905        8905         35
        8912        8908         16
        9020        9013         13
        9125        9125          9

TABLE    : start_time (805)

   ggh4_orig   ggh4_dest      total
        1072        1065          5
        1207        1111         13
        1274        1242         18
        1301        1286         12
        1394        3282         24
        1543        3273          4
        1621        1621         25
        2095        2095         38
        3097        3130          8
        3117        3137          8
        3173        3189         15
        3195        3195         23
        3258        3218         18
        3282        3227          9
        3367        3092          5
        3400        3392         22
        3467        3467         49
        4007        4011         24
        4076        4056         27
        4142        4142         10
        4174        4079          8
        4254        4280         10
        5093        5094         33
        5101        5101         26
        6046        6065         41
        6167        6165         20
        6191        6175         25
        7168        7037         28
        8114        8110         12
        8144        8129         12
        8918        8916         42
        9147        9147         83

TABLE    : start_time (810)

   ggh4_orig   ggh4_dest      total
        1121        1151          9
        1139        1218         42
        1223        1159         31
        1242        1229         14
        1290        1429         63
        1315        1315          5
        1512        1455         13
        3159        3212         13
        3227        3220         21
        3257        3272         17
        3334        3343         20
        3364        3367         17
        3391        3342         22
        4019        4038         14
        4038        4006         30
        4099        4115         31
        4267        4279          9
        4320        4298         29
        5042        5021          9
        5110        5115         24
        5130        5130         16
        6137        6186         20
        8248        8248         33
        8576        8576         35
        8835        8835         19

TABLE    : start_time (815)

   ggh4_orig   ggh4_dest      total
        1044        1063         32
        1064        1124         18
        1128        1094          5
        1150        1081         10
        1165        1131         26
        1177        1117          4
        1187        1139         10
        1228        1275         13
        1232        1204         15
        1258        1306         13
        1290        1317         41
        1303        1303         10
        1367        1424         20
        1407        1419         12
        1429        1446         23
        1436        1413         13
        1444        1388         57
        1458        1233         14
        1496        1095         22
        1567        1553         23
        1602        1602         28
        2078        2090         19
        2108        2093         25
        2138        2215         40
        2186        2196         17
        3065        3065         19
        3150        3150         63
        3160        3160         14
        3179        3187         20
        3185        3196         21
        3196        3218         25
        3280        3221         21
        3394        3394         25
        4009        4013         11
        4051        4220         30
        4142        4070         17
        4298        4298         22
        5021        5024         19
        5039        5047          4
        5049        5058         38
        5054        5054         35
        5094        5095         33
        5143        5112         19
        5154        5127         10
        5183        5194         21
        6132        5041         23
        7136        7157         20
        7154        7154         20
        8130        8130         10
        8151        8151         21
        8290        8290         19
        8331        8331         12
        8340        8310         14
        8814        3432         10
        8830        8835          8

TABLE    : start_time (820)

   ggh4_orig   ggh4_dest      total
        1244        1243         18
        1292        1292         23
        1312        1312         14
        1326        1326         32
        1388        1370         60
        1421        1450         40
        1437        1545          9
        1534        1467          5
        1541        1535          4
        1606        1594         10
        2004        2009         13
        2235        2028         34
        3076        3076         22
        3144        3197         50
        3170        3170         18
        3188        3167         11
        3220        3220         15
        3343        3345         16
        3425        3400          8
        4020        4024         16
        4074        4088         22
        4200        4244         27
        5124        5148         28
        8107        8149         31
        8366        8408         46
        8805        8805         21

TABLE    : start_time (825)

   ggh4_orig   ggh4_dest      total
        1215        1058         13
        1446        1469         23
        1534        1500         25
        1597        1597         14
        3272        3271         15
        3330        3330         25
        4310        4310         22
        5133        5132         30
        8290        8294         19
        8805        8809         21

TABLE    : start_time (830)

   ggh4_orig   ggh4_dest      total
        1002        1029          9
        1041        1022         14
        1060        1618          6
        1081        1103          6
        1126        1158         17
        1130        1130         11
        1136        1163          9
        1181        1240         10
        1202        1192         12
        1219        1222          7
        1226        1254         12
        1252        1149         16
        1254        1254         12
        1354        1420         20
        1360        1360         31
        1380        1303         17
        1406        1473         33
        1424        1406         19
        1441        3034         31
        1468        1458         15
        1502        1502         36
        1568        1568         18
        1594        1594         11
        1596        1602          8
        2019        2005         11
        2039        2031         21
        2202        2209         14
        2303        2295         34
        3072        3076         22
        3083        3099          6
        3166        3164         11
        3167        3166         19
        3171        3171         60
        3190        3190         19
        3197        3210         20
        3203        3239         19
        3223        3273          9
        3264        3285         16
        3273        3273         19
        3293        3293         14
        3309        3277         24
        3346        3247         21
        3416        3419         15
        4037        4071         20
        4061        4079         69
        4074        4127         22
        4123        4129         12
        4155        4276         20
        4162        4174         20
        4278        4278         42
        4298        4298          9
        5039        6186         11
        5065        5075         53
        6044        6115         50
        6070        6076        115
        7094        7094         98
        7116        7156          6
        7126        7037         22
        7151        7106         12
        7157        7154         49
        8530        8523         17
        8805        8805         18
        8880        8831         45
        9105        9130         20

TABLE    : start_time (835)

   ggh4_orig   ggh4_dest      total
        1048        1048         19
        1070        1107         13
        1381        1331         22
        1436        1436         18
        1556        1556         11
        3141        3141         35
        3249        3243         14
        3277        3247         17
        3280        3110         22
        3287        3295         25
        3330        3341         25
        3360        3373         32
        4095        4134         23
        5054        5051         20
        5065        5065         25
        7033        7033         21
        8290        8334         26
        8702        8706         16

TABLE    : start_time (840)

   ggh4_orig   ggh4_dest      total
        1208        1264          8
        1237        1257         11
        1312        1233         14
        1466        1500         18
        1490        1512         42
        1496        1187          9
        1538        1538         15
        2023        2031         54
        3119        3105         16
        3160        3160         16
        3235        3227         27
        3285        3266         21
        4038        4038         21
        5054        5050         23
        5075        5075         16
        5107        5102         18
        5112        5143         19
        7105        7120         63
        8419        8391         31
        8820        8823         63

TABLE    : start_time (845)

   ggh4_orig   ggh4_dest      total
        1003        1003         10
        1091        1197         12
        1169        1186         16
        1181        1192         11
        1192        1226         23
        1209        1218          8
        1220        1176          8
        1229        1207         21
        1257        1211         24
        1309        1498         15
        1325        1238         40
        1348        1222         11
        1392        1392         45
        1443        1443         72
        1505        1513          5
        2097        2157         12
        2181        2134         32
        2284        2281         18
        3069        3069         33
        3076        3066         22
        3083        3083         45
        3189        3189         15
        3249        3150         19
        3282        3247         13
        3391        3391         22
        4013        4006         14
        4043        4024         13
        4043        4043          6
        4072        4065         17
        4078        4131         60
        5065        5094         19
        5101        5070         13
        6007        6005         71
        7162        7162         12
        8225        8209         58
        8257        8254         12
        8350        8350         10

TABLE    : start_time (850)

   ggh4_orig   ggh4_dest      total
        1371        1530         49
        2014        2014         26
        2031        2031         54
        3159        3115         25
        3261        3313         10
        3268        3281         25
        3362        3370         30
        3416        3404         57
        5076        5076         27
        8153        8153         26
        9124        9119         23

TABLE    : start_time (855)

   ggh4_orig   ggh4_dest      total
        1528        1493         32
        4162        4162         16
        7033        7046         21
        7162        7140         19
        8238        8238         20
        8520        8541         15

TABLE    : start_time (900)

   ggh4_orig   ggh4_dest      total
        1031        1108         39
        1041        1029          7
        1113        1118         26
        1207        1299         15
        1252        1220         11
        1264        1236         17
        1307        1290         13
        1372        1405         32
        1415        1411         11
        1467        1500         32
        1468        1196          7
        2021        2035         31
        3173        3135          5
        3190        3166         21
        3277        3272         10
        3280        3273         21
        3329        3333         14
        3330        3342         20
        3367        3351         27
        3422        3429         20
        4053        4066         25
        4061        4053         30
        4093        4079         24
        4123        4127         26
        4134        4129         23
        4234        4310         24
        4260        4188         30
        4337        5201         18
        4341        4274          9
        4341        4341         22
        5148        5145         32
        6105        6138          8
        6191        6191         28
        7045        7037         19
        8531        8508         24
        8814        8814         15
        8828        8824          9
        8835        8833         13
        8887        2198         18

TABLE    : start_time (905)

   ggh4_orig   ggh4_dest      total
        1136        1130         16
        1202        1229         15
        3216        3216         17
        4370        4370         25

TABLE    : start_time (910)

   ggh4_orig   ggh4_dest      total
        1493        1559         32
        3185        3196         17

TABLE    : start_time (915)

   ggh4_orig   ggh4_dest      total
        1149        1159          5
        1372        1392         10
        3257        3063         15
        3259        3264         18
        4053        4129         22
        4234        4251         22
        6059        6050         74

TABLE    : start_time (920)

   ggh4_orig   ggh4_dest      total
        1248        1264          8
        3476        3474         12
        8520        8520         31

TABLE    : start_time (925)

   ggh4_orig   ggh4_dest      total
        1535        3145         29

TABLE    : start_time (930)

   ggh4_orig   ggh4_dest      total
        1620        1590          9
        3166        3190          8
        4003        4001         57
        6158        6198         40
        6228        5049         14
        8357        8368         17
        8368        8271         14
        8801        8801         14

TABLE    : start_time (935)

   ggh4_orig   ggh4_dest      total
        1434        1240         73
        8383        8379         14

TABLE    : start_time (940)

   ggh4_orig   ggh4_dest      total
        3480        3465         17

TABLE    : start_time (945)

   ggh4_orig   ggh4_dest      total
        1404        3145         19
        3488        3488         42
        4046        4007         10
        4251        4276          9
        8807        8814         18

TABLE    : start_time (1000)

   ggh4_orig   ggh4_dest      total
        3214        3167         40
        3269        3295         14
        4188        4232          4

TABLE    : start_time (1020)

   ggh4_orig   ggh4_dest      total
        1591        1608         49

TABLE    : start_time (1025)

   ggh4_orig   ggh4_dest      total
        2082        2077         70

TABLE    : start_time (1030)

   ggh4_orig   ggh4_dest      total
        3057        3071         33
        5007        5047         18
        5125        4093         32

TABLE    : start_time (1045)

   ggh4_orig   ggh4_dest      total
        8310        8304         16
        8805        8814          9

TABLE    : start_time (1100)

   ggh4_orig   ggh4_dest      total
        1114        4313          7
        3214        3275         12
        5039        5036         30

TABLE    : start_time (1105)

   ggh4_orig   ggh4_dest      total
        2063        2063         31

TABLE    : start_time (1110)

   ggh4_orig   ggh4_dest      total
        5125        5132         15

TABLE    : start_time (1115)

   ggh4_orig   ggh4_dest      total
        1126        1158         17
        1149        1159          5

TABLE    : start_time (1120)

   ggh4_orig   ggh4_dest      total
        1300        4007          7
        2157        2157         12
        3285        3313         10

TABLE    : start_time (1125)

   ggh4_orig   ggh4_dest      total
        5054        5050         23

TABLE    : start_time (1130)

   ggh4_orig   ggh4_dest      total
        1178        1136         22
        3275        3295         14
        3430        3432         10
        4074        4131         60
        5148        5145         32
        7033        7046         21

TABLE    : start_time (1135)

   ggh4_orig   ggh4_dest      total
        3400        3367         17

TABLE    : start_time (1140)

   ggh4_orig   ggh4_dest      total
        3480        3465         17

TABLE    : start_time (1145)

   ggh4_orig   ggh4_dest      total
        3170        3091          7
        5101        5070         13

TABLE    : start_time (1155)

   ggh4_orig   ggh4_dest      total
        2015        2009         13

TABLE    : start_time (1200)

   ggh4_orig   ggh4_dest      total
        1146        1442         35
        1215        1192         11
        3259        3264         18
        3360        3373         32
        8300        6196          9

TABLE    : start_time (1215)

   ggh4_orig   ggh4_dest      total
        1306        1303         22
        2047        2047         20
        4142        4070         17

TABLE    : start_time (1220)

   ggh4_orig   ggh4_dest      total
        1372        1122         11

TABLE    : start_time (1225)

   ggh4_orig   ggh4_dest      total
        1209        1218          8

TABLE    : start_time (1230)

   ggh4_orig   ggh4_dest      total
        1563        2177          6
        2303        2295         34

TABLE    : start_time (1235)

   ggh4_orig   ggh4_dest      total
        4009        4002         55
        5038        5106          9

TABLE    : start_time (1245)

   ggh4_orig   ggh4_dest      total
        1193        1196         22
        3409        3415         26

TABLE    : start_time (1250)

   ggh4_orig   ggh4_dest      total
        1249        1035         10

TABLE    : start_time (1300)

   ggh4_orig   ggh4_dest      total
        3158        3333         36
        4374        1341         14
        6228        6228         34

TABLE    : start_time (1330)

   ggh4_orig   ggh4_dest      total
        1113        1118         26
        8372        8578         26

TABLE    : start_time (1335)

   ggh4_orig   ggh4_dest      total
        1574        3323         19

TABLE    : start_time (1400)

   ggh4_orig   ggh4_dest      total
        2057        1309         22
        3121        3257         17
        3173        3159         14
        3275        3295         14
        3330        3342         20
        4003        4001         57
        4060        8245          5
        9145        2227          8

TABLE    : start_time (1405)

   ggh4_orig   ggh4_dest      total
        7167        7159         16

TABLE    : start_time (1415)

   ggh4_orig   ggh4_dest      total
        1138        1091          8
        1290        1429         63
        1415        1411         11
        3173        3189         15
        4377        8705          8

TABLE    : start_time (1420)

   ggh4_orig   ggh4_dest      total
        2134        2196          5
        8136        8104         18

TABLE    : start_time (1430)

   ggh4_orig   ggh4_dest      total
        1075        3166         19
        3129        3244         15
        3257        3272         17
        4228        4269         19
        5011        5044         18
        5081        8601          6
        6070        6076        115
        6144        6142         83
        8291        6176         96
        8310        8300         53
        8372        8379         14

TABLE    : start_time (1435)

   ggh4_orig   ggh4_dest      total
        3195        3195         23

TABLE    : start_time (1440)

   ggh4_orig   ggh4_dest      total
        1549        1533         43
        3170        3170         18
        7134        7065         17

TABLE    : start_time (1445)

   ggh4_orig   ggh4_dest      total
        1296        1286         12
        5194        5183         29
        8302        8271         14

TABLE    : start_time (1450)

   ggh4_orig   ggh4_dest      total
        3131        4043          6
        3264        3285         16
        5091        5091         21
        7136        7157         20

TABLE    : start_time (1455)

   ggh4_orig   ggh4_dest      total
        1141        1360         31
        3105        4341         22
        4079        5021          9
        8381        8381         26

TABLE    : start_time (1500)

   ggh4_orig   ggh4_dest      total
        1013        1103          6
        1041        1217         11
        1273        4052         20
        1301        1366         13
        1341        1328          8
        1347        1292         23
        1357        2143         15
        1383        1281         15
        1440        3277         24
        1449        3391         13
        1503        8809         29
        2008        2021          9
        2023        2031         54
        2138        2053         19
        3154        3247         17
        3179        1533          9
        3190        3190         19
        3202        3024         33
        3329        3333         14
        3358        3341         20
        3417        3417         28
        4040        4278          9
        4123        4127         26
        4131        5148         28
        4181        4185          4
        4200        4093         32
        4200        4200          9
        4251        4251          9
        4265        4310         24
        4298        4298          9
        5054        5054         26
        5065        5065         25
        5143        5112         19
        5192        5194         21
        6105        6105         25
        6160        6061         18
        6199        6091         32
        7033        7033         21
        7094        7148         51
        7116        7148          6
        8296        8421         22
        8409        8309         24
        8886        8843         54
        8897        8899         13
        9113        9112         78
        9123        9140         80
        9311        9115         21

TABLE    : start_time (1505)

   ggh4_orig   ggh4_dest      total
        1459        1227          9
        3455        3440         57
        5095        5054         17
        8201        3416         41
        8567        8539         38

TABLE    : start_time (1510)

   ggh4_orig   ggh4_dest      total
        1135        1187          9
        3203        3239         19
        3287        3295         25
        4057        4119         43
        4114        4113         20
        8520        8541         15

TABLE    : start_time (1515)

   ggh4_orig   ggh4_dest      total
        1079        1022         14
        1273        1410         20
        1324        1321         15
        1348        1222         11
        2008        1379         10
        2023        2055         12
        2158        2164         28
        3066        3066         22
        3142        1606          9
        3145        3153         16
        3160        3160         16
        3235        3220         12
        3285        3266         21
        3302        3241          9
        3428        3404         19
        4018        5102         18
        4046        4007         10
        4089        4065         29
        5022        5029         10
        5091        5074         21
        5103        5101         26
        5138        5132         30
        7074        7068         31
        8153        8153         26
        8308        8363         22

TABLE    : start_time (1520)

   ggh4_orig   ggh4_dest      total
        1429        1469         23
        1556        1556         11
        1569        1493         32
        1594        1594         11
        3253        3331         19
        4038        4038         21
        4053        4127         62

TABLE    : start_time (1530)

   ggh4_orig   ggh4_dest      total
        1003        4094         15
        1013        1062         36
        1035        1130         17
        1057        3135         15
        1091        1197         12
        1226        1229          4
        1229        1254         12
        1243        1166          7
        1246        1387         20
        1260        1139         20
        1290        1290         13
        1295        1348         16
        1307        3137         21
        1357        1516         38
        1414        1441         45
        1458        1233         14
        1611        1565         15
        2061        2063         14
        2078        2090         19
        2091        2212         30
        2174        2095          9
        2284        2281         18
        3060        2035         31
        3066        3063         15
        3097        3258         20
        3105        1442         35
        3155        3488         42
        3166        3164         11
        3194        1303         23
        3235        3227         27
        3412        8826         15
        4047        4232         43
        4071        4054         14
        4081        4119         48
        4144        5047         18
        4155        4276         20
        4158        1283         16
        4200        5189         27
        4261        4200         16
        4384        1299         15
        6074        8215         10
        6134        6041         29
        6195        1163         16
        7054        7065         16
        7145        5038         13
        8107        8130         10
        8279        8422         40
        9101        9130         20

TABLE    : start_time (1535)

   ggh4_orig   ggh4_dest      total
        1092        4127         18
        1424        1406         19
        1469        1446         23
        1534        1500         25
        3154        3275         28
        4188        4232          4
        8324        8255         19

TABLE    : start_time (1540)

   ggh4_orig   ggh4_dest      total
        1381        1331         22
        2157        3171         17
        3156        2157         26
        3184        3416         19
        4332        4293         47
        5112        5143         19
        6065        6052         66
        6199        6041         58

TABLE    : start_time (1545)

   ggh4_orig   ggh4_dest      total
        1229        1207         21
        1361        1330         23
        1491        1459         19
        1516        3034         31
        3057        1312         12
        3258        3159         20
        3275        3295         14
        3343        3345         16
        3419        3130          8
        3466        3403         33
        4038        4050         22
        4059        4006         14
        4191        4244         27
        6173        6041         26
        7087        7094         13
        7142        7141         15
        7168        7037         19
        8349        8303         48
        8354        8334         26
        8831        8834         36

TABLE    : start_time (1550)

   ggh4_orig   ggh4_dest      total
        1407        1419         12

TABLE    : start_time (1555)

   ggh4_orig   ggh4_dest      total
        3351        3362         21
        4054        4054         14
        4115        1002          9
        8144        8129         12

TABLE    : start_time (1600)

   ggh4_orig   ggh4_dest      total
        1010        1011         34
        1024        1309         19
        1042        4066          7
        1057        1170         46
        1063        1326         18
        1177        1117          4
        1204        1190          9
        1214        1418         19
        1220        1270         10
        1244        1278         19
        1291        1268         16
        1300        3036         22
        1346        4313         16
        1380        1144         24
        1467        1539          4
        1468        1196          7
        1473        2014         26
        1473        3224         22
        1490        1047          6
        1491        1116         25
        1509        1509         17
        1516        3114         22
        1516        3412         44
        1525        1480         61
        1580        3150         19
        1611        3268          5
        1618        1598          8
        2132        1229         15
        3064        1436         18
        3105        8801         14
        3126        1199          6
        3131        3296         25
        3152        1516         11
        3189        3189         15
        3212        3210         16
        3216        3486         24
        3227        3220         21
        3351        3400         31
        3358        1440         21
        3395        3330          8
        3429        3429         20
        4012        4051         40
        4019        4038         14
        4023        4035         19
        4047        4117         26
        4075        3220          9
        4164        4148         17
        4207        5201         18
        4331        5142          9
        5051        6228         22
        5052        8386         21
        5076        5115         27
        5076        5122          8
        5158        5158         18
        6144        6041         57
        6145        6032        104
        6196        6121        104
        6228        6228         34
        7037        7046         19
        7076        7065         30
        7137        7155         32
        8149        8151         21
        8267        8520         32
        8310        8304         16
        8350        8312         11
        8352        8232         23
        8353        8238         27
        8526        8247         28
        8532        8520         14
        8557        8536         24
        8576        8576         40
        8581        8596         19
        8824        8829         37
        8865        8889         21
        8908        8916         42
        9109        1218         42

TABLE    : start_time (1605)

   ggh4_orig   ggh4_dest      total
        1011        1003         21
        1012        5093         39
        1364        1208         10
        1560        3224         27
        2092        2028         34
        2292        2299         12
        3249        3226         20
        4118        4188         18
        4136        5054         16
        4233        4244          7
        5130        4024         16
        6134        5003         15
        8537        8211         28

TABLE    : start_time (1610)

   ggh4_orig   ggh4_dest      total
        1057        1130         10
        1201        1217          6
        1263        1320         23
        1473        3404          7
        1597        1597         14
        2079        2131         12
        2164        2141         15
        3091        1392         45
        3433        3412         14
        4053        4129         22
        4118        4059         12
        4177        4278         33
        4248        4255         43
        5046        5011         45
        8872        8858         21

TABLE    : start_time (1615)

   ggh4_orig   ggh4_dest      total
        1072        1112         10
        1104        1321         27
        1365        1220          5
        1441        1185         10
        1477        5034         21
        1516        3474         21
        1608        3159         13
        2015        3221         18
        2028        2028         32
        2066        2004         17
        2092        2021         31
        3114        3426         22
        3196        3218         25
        3244        1530         49
        3323        3295         26
        3385        3486         14
        4049        4226         45
        4118        8706         16
        4274        4207         47
        5054        5054         15
        5081        5083         42
        6041        7073         26
        8357        8368         17
        8380        8395         11
        8419        8391         31
        8831        8831         45

TABLE    : start_time (1620)

   ggh4_orig   ggh4_dest      total
        1044        1063         32
        1205        1205          8
        1312        1233         14
        1479        1260         13
        1520        4023         32
        1528        1499         67
        3142        8805         18
        3158        3428         21
        3425        3400          8
        3430        3404         57
        4232        4233         43
        4383        5059         16
        5093        5092        105
        8268        8248         33

TABLE    : start_time (1625)

   ggh4_orig   ggh4_dest      total
        1111        1111         16
        1406        1473         33
        2035        2020         31
        4038        4046         11
        4169        3023         28
        5091        5074         21
        8254        8312         36
        8530        8521         15
        8596        8596         22
        9010        9013         13

TABLE    : start_time (1630)

   ggh4_orig   ggh4_dest      total
        1010        4010         11
        1014        2085          9
        1059        1059         18
        1121        1151         10
        1324        1130         29
        1354        4079          5
        1372        3416         17
        1380        1303         17
        1446        1545          9
        1449        1312         14
        1459        1325         19
        1471        3218         18
        1473        1342         18
        1482        1258         20
        1542        1535         15
        1542        3271          9
        1545        1041         12
        2118        2095         38
        2118        2189         23
        2145        1260         11
        2201        2189         20
        2303        2295         34
        3041        3145         19
        3064        1282         28
        3073        3330         13
        3152        2160         32
        3156        2047         18
        3158        1181         13
        3159        3115         25
        3281        3271         15
        3288        3281         12
        3300        3302         15
        3369        3394         14
        3392        3394         12
        3421        3391         22
        3426        3390         10
        4005        4081          4
        4009        4013         11
        4066        1151         17
        4074        4042          5
        4076        4235         13
        4079        3282         24
        4079        5130         16
        4089        4089         47
        4093        5090         58
        4100        5127         10
        4115        5183         35
        4158        8703          3
        4169        4134         23
        4177        4177         34
        4200        4046         18
        4276        1009         32
        4367        8821         22
        5022        5046         58
        5065        5065         23
        5146        6152         18
        6195        6019         18
        7006        7154         49
        7045        7037         18
        7104        7028         21
        7165        7106         12
        8140        8107         19
        8268        8268         23
        8380        8410          6
        8400        8309         13
        8400        8310         14
        8531        8508         24
        8537        8245         18
        8872        8869         25
        9121        9118         11
        9305        2189         20

TABLE    : start_time (1635)

   ggh4_orig   ggh4_dest      total
        1084        1192         12
        1118        1065          5
        1219        1222          7
        4046        4032         11
        4067        5095         33
        4186        4186          6
        5060        4060         50
        7162        7159          4
        8596        8427         16
        8807        8814         18
        8875        8829         30
        9013        2296         15

TABLE    : start_time (1640)

   ggh4_orig   ggh4_dest      total
        1014        1224         29
        1061        1041          9
        1511        1559         47
        3256        3367          5
        4061        4079         69
        4115        4013         22
        5018        5022         30
        7079        7087         26
        7083        7037         12
        8548        8576         35
        8810        8814         39
        8826        8826         28
        9122        9147         83

TABLE    : start_time (1645)

   ggh4_orig   ggh4_dest      total
        1343        1343         18
        1372        1207         11
        1580        2138         25
        2227        2194         15
        3066        3076         22
        3249        3243         14
        3280        3273         21
        3299        3273         28
        3400        3392         22
        3432        3438         26
        4043        4024         13
        4053        4079         24
        4061        4053         30
        4115        4115         31
        4172        3147         12
        4255        4210         43
        4288        4298         22
        5035        4311         16
        6044        6115         50
        8310        8340         14
        8531        8574         36
        8532        8571         19
        8557        8577         19
        8805        8810         60

TABLE    : start_time (1650)

   ggh4_orig   ggh4_dest      total
        1023        4113         18
        1091        1449         25
        1260        1240         15
        1469        3189          5
        1559        3302         14
        3131        3122          4
        3161        3160         14
        3185        3196         21
        3208        3293         14
        3209        3241         13
        3268        3268         25
        4027        4024         19
        5083        5103         10
        5133        5133         19
        6206        6165         20
        7105        7120         63
        8354        8294         19
        8416        8271          9
        8576        8576         21
        9124        9119         23
        9124        9124         40

TABLE    : start_time (1655)

   ggh4_orig   ggh4_dest      total
        1199        1292         24
        3144        3195         23
        4046        4088         11
        4158        4298         29
        4341        4341         22
        6105        6138          8
        6191        6175         25
        8534        8532         25

TABLE    : start_time (1700)

   ggh4_orig   ggh4_dest      total
        1009        5044         32
        1014        1002         31
        1031        1108         39
        1067        1206         15
        1101        1144         68
        1114        1045         23
        1159        1112          5
        1169        1186         16
        1184        1413         13
        1202        1229         15
        1206        1218         27
        1252        1149         16
        1252        1220         11
        1303        1306         13
        1323        1566          5
        1331        1238         40
        1343        1380         18
        1372        1405         32
        1386        1436         19
        1411        3220         11
        1444        1388         57
        1490        4074         13
        1491        2031         25
        1516        1506          3
        1520        1500          7
        1528        1242         18
        1537        1498         15
        1596        1602          8
        2055        2055         42
        2055        2063         41
        2117        2201         33
        2241        2235         26
        2292        2292         20
        3065        3065         19
        3085        3105         16
        3109        3095         38
        3109        3099         31
        3124        3196         23
        3152        3389         31
        3167        3145         18
        3198        2004         22
        3204        1453         20
        3238        2004         24
        3243        3342         22
        3273        3273          4
        3282        3247         13
        3348        3348         21
        3432        3432         15
        3438        3440         26
        3475        8885         32
        4079        1029          9
        4090        5143         39
        4115        4160          8
        4158        4188         30
        5065        5094         19
        5072        5058         38
        5080        5090          7
        5137        4006         30
        6046        6065         41
        6056        8148         26
        6075        6198         40
        6148        6100         43
        6233        6232         23
        7068        7053         71
        7115        7133         12
        8245        8232        119
        8264        8248         36
        8324        5080         23
        8380        8308         28
        8414        8401         14
        8521        8209         15
        8809        8809         21
        8887        8887         19
        9117        9112         14
        9122        9118         29

TABLE    : start_time (1705)

   ggh4_orig   ggh4_dest      total
        1154        1473         62
        1204        1236         17
        1608        3099          6
        3117        3117         18
        3243        3129         14
        3259        3280         15
        4234        4325         48
        4287        4280         10
        4298        4298         22
        4370        4370         25
        6173        6147         21
        8134        8110         12

TABLE    : start_time (1710)

   ggh4_orig   ggh4_dest      total
        1111        1303         10
        1230        1240         23
        1402        1375         28
        1495        1328         21
        2011        2042         39
        2178        2209         14
        3139        3117         32
        3173        3189         28
        3195        3144         23
        3241        3266         13
        3288        3202         14
        4034        4034         17
        4147        4089          7
        5095        5094         33
        8262        8255         15

TABLE    : start_time (1715)

   ggh4_orig   ggh4_dest      total
        1187        1209         65
        1213        1224         11
        1230        1274         15
        1257        1257         61
        1306        1258         13
        1430        3062         17
        1490        1512         42
        1630        3273          9
        2018        2093         25
        3056        4361         15
        3129        1535          4
        3374        3361          8
        4031        4102         15
        4079        4071         20
        4092        4127         22
        4092        5038         25
        4104        4088         18
        4123        4129         12
        4191        4121         15
        4288        4341         11
        4288        5115         24
        5073        5070         11
        5083        5075         53
        8294        8290         19
        8703        8703         51
        8809        8805         21

TABLE    : start_time (1720)

   ggh4_orig   ggh4_dest      total
        1013        4057         21
        1466        1512         33
        1544        1559         32
        1545        1455         13
        1618        1618          6
        3346        3247         21
        4233        4245          5
        5145        5148         32
        7037        7037         28

TABLE    : start_time (1725)

   ggh4_orig   ggh4_dest      total
        1006        1006         32
        1362        1613         16
        2019        2100         16
        2036        2028         28
        3280        3221         21
        4100        5041         23
        9124        9147         83

TABLE    : start_time (1730)

   ggh4_orig   ggh4_dest      total
        1064        1058         14
        1110        1022         28
        1121        1151          9
        1162        1186         19
        1172        1211         24
        1271        1450         40
        1284        4080         22
        1363        1163          9
        1485        1392         10
        1516        1506         15
        1591        1608         49
        1608        3370         30
        3055        3044         21
        3166        3117         23
        3169        3194         12
        3179        3179         10
        3184        3116         14
        3185        3196         17
        3220        3227         35
        3239        3272         10
        3247        3216         17
        3273        3302         16
        3419        3431         36
        4013        4013         16
        4169        1216         10
        4210        4132          7
        5016        5022         18
        5096        5102          6
        5186        5185         14
        8152        8107         12
        8238        8238         20
        8324        8254         12
        8579        8520         31
        8820        8823         63
        8902        8905         35

TABLE    : start_time (1735)

   ggh4_orig   ggh4_dest      total
        1041        1027         12
        1285        1240         73
        3077        1568         18

TABLE    : start_time (1740)

   ggh4_orig   ggh4_dest      total
        1154        1209         37
        3455        3417         13
        4127        4088         22
        5158        5145         35
        7096        7094         98

TABLE    : start_time (1745)

   ggh4_orig   ggh4_dest      total
        1029        1029          7
        1053        1260         53
        1063        1176          8
        1084        1204         29
        1260        1288         11
        1538        1566         15
        1555        1571         33
        3175        3083         45
        3273        3273         19
        4223        4260         44
        4381        4122         12

TABLE    : start_time (1750)

   ggh4_orig   ggh4_dest      total
        3044        3055         21
        3170        3170         22
        4362        4364         21
        5145        5132         35
        6068        6059         83
        8148        8148         26
        8601        8600         17

TABLE    : start_time (1755)

   ggh4_orig   ggh4_dest      total
        4077        1058         13

TABLE    : start_time (1800)

   ggh4_orig   ggh4_dest      total
        1154        1274         23
        1223        1159         31
        1246        1295         43
        1340        1385         41
        1516        3171         17
        2294        3330         14
        3137        3071         33
        3184        1553         23
        3191        3181         12
        3196        3179         14
        3227        3167         40
        4189        3419         21
        6059        6050         74
       17856       17885         14

TABLE    : start_time (1805)

   ggh4_orig   ggh4_dest      total
        1035        4260         52

TABLE    : start_time (1810)

   ggh4_orig   ggh4_dest      total
        1615        3141         11

TABLE    : start_time (1815)

   ggh4_orig   ggh4_dest      total
        1277        4039         23
        3184        3269         42
        3214        3275         12

TABLE    : start_time (1820)

   ggh4_orig   ggh4_dest      total
        6112        8156          8

TABLE    : start_time (1830)

   ggh4_orig   ggh4_dest      total
        1594        1613         10

TABLE    : start_time (1845)

   ggh4_orig   ggh4_dest      total
        5095        4279         20

TABLE    : start_time (1920)

   ggh4_orig   ggh4_dest      total
        1246        1246         25

TABLE    : start_time (1930)

   ggh4_orig   ggh4_dest      total
        4230        4187         34

TABLE    : start_time (2015)

   ggh4_orig   ggh4_dest      total
       17875       17885         14

TABLE    : start_time (2045)

   ggh4_orig   ggh4_dest      total
        7104        7037         34

TABLE    : start_time (2100)

   ggh4_orig   ggh4_dest      total
        6094        6200         77
        8262        8298         17

TABLE    : start_time (2105)

   ggh4_orig   ggh4_dest      total
        1172        1245         24

TABLE    : start_time (2235)

   ggh4_orig   ggh4_dest      total
        1185        1185         14
