Thu Nov 02 2023 18:08:38 GMT+0000 (Coordinated Universal Time) - Run Time: 2083ms

Cross Tabulation Query Form - Trip - 2016 v1.1

Row: GGHM V4 zone of origin - ggh4_orig
Column: GGHM V4 zone of destination - ggh4_dest
Table: Start time of trip - start_time


Filters:
Day of week trip data were collected - trip_day In 2, 
and
Trip purpose of destination - purp_dest In S, 
and
Primary travel mode of trip - mode_prime In S, 

Trip 2016
ROW : ggh4_orig
COLUMN : ggh4_dest

TABLE    : start_time (400)

   ggh4_orig   ggh4_dest      total
        2039        2198         47

TABLE    : start_time (630)

   ggh4_orig   ggh4_dest      total
        2198        2187         42
        5201        5107          8

TABLE    : start_time (635)

   ggh4_orig   ggh4_dest      total
        1427        4002         29
        1427        4128         59

TABLE    : start_time (640)

   ggh4_orig   ggh4_dest      total
        3488        3416         20

TABLE    : start_time (645)

   ggh4_orig   ggh4_dest      total
        3128        1607         29
        4151        4293         49
        4301        4328         37

TABLE    : start_time (650)

   ggh4_orig   ggh4_dest      total
        4301        4328         27
        4359        4328         17
        8897        8893         38

TABLE    : start_time (655)

   ggh4_orig   ggh4_dest      total
        3485        3416          4
        4023        5074         16
        4054        4039         32
        4111        4273         25
        4151        4273         49

TABLE    : start_time (700)

   ggh4_orig   ggh4_dest      total
        2034        2047         13
        2055        2094         62
        3080        3071         29
        3135        3071         31
        3171        1502         47
        3290        3265         21
        3307        3303         33
        3369        3416         36
        3462        3416         15
        4023        4046         10
        4084        4094         23
        4134        4074         14
        4160        4274         21
        4259        4111          4
        5125        5093         63
        5202        5194         15
        6029        6031         59
        7014        7010         19
        7016        7010         11
        8709        4371         10
        8803        8815         97
        8851        8826         17
        8887        8885         72
        8890        8869         16
        9009        9012          8

TABLE    : start_time (705)

   ggh4_orig   ggh4_dest      total
        1283        4002         85
        3258        3126         23
        4084        4129         23
        4111        4189         25
        4121        4272         22
        4337        4338         16
        4341        4267         22
        4362        8834         43
        6220        8156        207
        8214        8309         91
        8826        8834         28
        8858        8863          9
        9009        9010         30

TABLE    : start_time (707)

   ggh4_orig   ggh4_dest      total
        9020        9022         27

TABLE    : start_time (710)

   ggh4_orig   ggh4_dest      total
        3303        3358         34
        3370        3288         14
        3377        3317          5
        3382        3416         27
        3438        3416         39
        3474        3416         30
        4010        4005        129
        4042        1343          9
        4091        4074         18
        4234        4252         16
        5030        5074         43
        5044        5036         75
        5193        4111         38
        6053        6031        118
        6123        6096        118
        7020        7004         11
        8238        8293         29
        8312        8255         22
        8387        8309         34
        8803        8815         25
        8815        8862         18
        8858        8835         25
        9104        9115         17

TABLE    : start_time (715)

   ggh4_orig   ggh4_dest      total
        1021        1119         46
        2063        2047        164
        2227        2174         19
        3019        4023         22
        3097        3358         18
        3128        1607         16
        3216        3288         38
        3298        3317         32
        3403        3416         31
        4071        4074         22
        4089        4012         41
        4211        4189         28
        4299        4338         22
        4301        4328         17
        4315        4293         20
        4323        4341         33
        4341        4273         14
        5076        5075         21
        6061        6096         31
        6062        6031         27
        6220        8216         41
        6235        6227         51
        7043        7073         56
        7134        7157         12
        7145        7157         12
        8255        8236         53
        8403        8392         20
        8802        3317         44
        8816        8815          7
        8817        8826         28
        8828        8835         55
        8829        8834         30
        8851        8840         52
        8880        8865         19
        8889        8863         22
        8889        8865         22

TABLE    : start_time (720)

   ggh4_orig   ggh4_dest      total
        1049        1119         14
        2024        2036         38
        2055        2094         23
        2228        2198         35
        3117        3358         13
        3118        3058         23
        3130        3212         14
        3144        3071         13
        3258        3235         18
        3323        3358         18
        3404        3389         18
        3417        3416         57
        4018        4002         16
        4043        4039         21
        4135        4117         13
        4143        4285         27
        4260        4189         31
        4274        4189         30
        4277        4266         67
        4299        4328         29
        5026        5045         62
        5129        5074         16
        6020        6032         38
        6041        6041         36
        6084        6031         14
        6111        6031         46
        6139        6031        110
        7032        7037         90
        7128        6069        167
        7154        7157         16
        7168        7037         42
        8288        8331         75
        8312        8255         82
        8387        8309         34
        8398        8377         44
        8806        8815         32
        8814        8809         10
        8835        8830         57
        8861        8869         10
        8888        8893        105
        8895        8898         18
        9024        9022         34
        9104        9115         27

TABLE    : start_time (724)

   ggh4_orig   ggh4_dest      total
        3417        3416         46

TABLE    : start_time (725)

   ggh4_orig   ggh4_dest      total
        2020        2037         18
        2038        2098         26
        2055        2094         17
        2233        2174         20
        3097        3130         19
        3128        3080         13
        3195        3358         35
        3223        3302         21
        3287        3358         24
        3299        3302          5
        3341        3317         15
        3404        3419         12
        4091        4005         39
        4101        4124         29
        4135        4105         26
        4174        4284         16
        4200        4204         13
        4333        4341         20
        5107        5074         23
        5122        5093         22
        5183        5194         16
        6069        6065        202
        7168        7037         28
        8241        8309         16
        8245        8293         42
        8312        8255         82
        8391        8397         12
        8834        8840         35
        8837        8834         27
        8860        8869         14
        9132        9135         35

TABLE    : start_time (730)

   ggh4_orig   ggh4_dest      total
        1302        1588         38
        1481        3331         26
        2023        2036         44
        2037        2047          4
        2093        2112         94
        2204        2138         88
        2241        2157         25
        2256        2222          6
        2256        2256          6
        2263        2196         23
        2268        2281         14
        3034        3071         13
        3080        3050         29
        3089        3083         19
        3118        3080         37
        3118        3119          8
        3159        3071         41
        3179        3071         10
        3188        3121         98
        3249        3247         15
        3254        3288         38
        3258        3116         18
        3279        3358         16
        3304        3317         55
        3318        3317         19
        3318        3358         19
        3330        3023          9
        3334        3358         22
        3345        3317         35
        3369        3358         31
        3381        3373         78
        3397        3389          6
        3399        3389         31
        3403        3398         63
        3416        3389         11
        3443        3429         15
        4005        4009         21
        4015        4064         15
        4019        4002         14
        4023        4009         25
        4039        4077         36
        4040        4060         14
        4056        4094         21
        4085        4039         39
        4105        4147         30
        4110        4147         46
        4113        4074         35
        4148        4147         20
        4245        4177         17
        4260        4285         27
        4273        1270         64
        4278        4272         21
        4329        4272         35
        4329        4287         26
        4341        4356         18
        4358        4338         28
        4358        4371         28
        5006        5003         28
        5008        5024         27
        5022        5003         17
        5050        5036         33
        5076        5092         21
        5084        5093         17
        5095        5074         31
        5101        5096         30
        5107        5093         10
        5125        5132         10
        5130        5074        128
        5142        5135         21
        5143        5076          6
        5183        4010         15
        5188        5195         42
        6051        6067         26
        6066        6114         53
        6070        6093         47
        6093        6120         34
        6097        6171        181
        6220        6191         36
        6222        6206         71
        6227        6069         98
        6230        6227         52
        7033        7037         29
        7033        7039         36
        7046        7037         16
        7053        7070         25
        7060        7067         58
        7079        7099         30
        7126        7157         16
        7137        7159         23
        7144        7155         30
        7154        7157         29
        8104        8104         14
        8201        8213         31
        8230        6179         18
        8239        8309         96
        8255        8252         18
        8262        8252          5
        8268        8333         66
        8272        8252         56
        8312        8255         29
        8315        8293         29
        8340        8289         24
        8350        8293         27
        8362        8397         94
        8391        8397         12
        8403        8392         22
        8405        8390         31
        8424        8427          7
        8818        8815         15
        8820        8809         17
        8831        8830         35
        8834        8840         14
        8835        8830         90
        8842        8840         20
        8858        8863         22
        8867        8863         30
        8873        8865         31
        8874        8865         28
        8884        8869        135
        8894        8898         18
        8901        8893         10
        9005        2295         29
        9008        9012         38
        9010        9012         36
        9018        9012         30
        9104        9107         18
        9145        9135         16

TABLE    : start_time (735)

   ggh4_orig   ggh4_dest      total
        2004        2013         25
        2097        2098         15
        2115        2094         47
        2269        2235         18
        3097        3130         21
        3144        3126         17
        3167        3269         27
        3303        3292         17
        3318        3358         26
        3365        3288         19
        3403        3416         22
        4010        4003         64
        4099        4061         19
        4122        4124         25
        4143        4121         48
        4322        4272         10
        4329        4272         26
        6146        6206        101
        8271        8264         24
        8279        8331         89
        8368        8392         18
        8501        8506         34
        8586        8568          9
        8821        8835         15
        8830        8831         78
        8835        8830         23
        8842        8840         20
        8851        8826         36

TABLE    : start_time (740)

   ggh4_orig   ggh4_dest      total
        1009        1286         61
        1108        1156          8
        1340        1340         17
        2014        2013         16
        3227        3257         14
        3309        3277         14
        3343        3358         33
        3399        3389         26
        3425        2292         22
        4070        4060         22
        4071        4002          5
        4111        4124         14
        4179        4284         61
        4281        4286         21
        4283        4266         25
        5045        5024         12
        5053        5096         45
        5202        5192         15
        6075        6074         21
        6214        6191         69
        7033        7037          4
        7037        7037         40
        7100        7099         64
        8131        8139         19
        8239        8309          5
        8301        8282          7
        8331        8353         16
        8340        8321          5
        8398        8364         44
        8401        8390         32
        8403        8392         36
        8413        8390        100
        8708        8708         16
        8887        8883         34

TABLE    : start_time (745)

   ggh4_orig   ggh4_dest      total
        1302        1341         17
        1305        1481         10
        1457        1125         14
        1466        1571          8
        1513        1534         42
        2039        2036          5
        2085        2042         75
        2107        2202         26
        2181        2158         22
        2218        2169         30
        3058        1354         23
        3058        1367         23
        3097        3300         17
        3216        3247         38
        3359        3304         95
        3362        3288         29
        3403        3416         22
        3416        3419         13
        4003        4088         59
        4023        4038         16
        4040        4040         10
        4045        4046         65
        4067        4057         12
        4117        4129         12
        4125        4038         42
        4128        4171          8
        4142        4186          7
        4310        4186         27
        4315        4285         26
        4351        4370         35
        5030        6140         43
        5033        6140         16
        5049        5058         19
        5050        5034         26
        5075        5093         41
        5084        5075         33
        5116        5101         31
        5195        5180         70
        5203        5180         16
        6024        6028         39
        6141        6104         35
        6235        6235         29
        7045        7045         85
        7126        7134         29
        7137        7130         23
        7168        7037         12
        8130        8107         36
        8156        8156         14
        8211        8210         16
        8249        8271         27
        8268        8303         29
        8304        8330         30
        8340        8321          9
        8357        8389         23
        8424        8427        109
        8589        8592          7
        8596        8596         32
        8601        8576         55
        8815        8815         60
        8820        8831         18
        8890        8907          9
        8894        8893         22
        8905        8898         49
        8911        8908          7

TABLE    : start_time (750)

   ggh4_orig   ggh4_dest      total
        1260        1129          6
        1325        1423         18
        1423        1219         47
        2141        2143         28
        2299        2292          9
        3476        3473         21
        4014        4009         17
        4057        4094         36
        4142        4171         14
        4143        4101         34
        4286        4285         14
        4333        4340         13
        4364        4370         99
        4367        4370         15
        5063        5054         26
        5139        5142         27
        5189        5194         16
        6106        6104         59
        6139        6067         33
        6220        6220         36
        7065        7083         43
        7073        7073         33
        8401        8390         31
        8405        8390         27
        8419        8413         30
        8709        8704         41
        9018        9010          7
        9150        9131         53

TABLE    : start_time (755)

   ggh4_orig   ggh4_dest      total
        1541        1564         24
        1549        1571         15
        2150        2202         29
        2189        2256         33
        2299        2295          7
        3032        3060         11
        4081        4056         52
        4091        4061         18
        4278        4341         21
        4333        4317         19
        4333        4340         19
        4375        4370         38
        5158        5142         15
        6064        6083         49
        7073        7073         47
        7076        7070         58
        7095        7087         65
        8501        8528         34

TABLE    : start_time (758)

   ggh4_orig   ggh4_dest      total
        4341        4235          9

TABLE    : start_time (800)

   ggh4_orig   ggh4_dest      total
        1081        1103         29
        1178        1151         75
        1215        1230         23
        1254        1242         11
        1272        1273          9
        1274        1240         85
        1301        1246         24
        1338        1335         21
        1350        1352         76
        1378        1484         28
        1451        1337         16
        1525        1328         29
        1551        1516          8
        2009        2004         11
        2009        2013         35
        2010        2041         13
        2023        2013         44
        2078        2014         13
        2085        2042          8
        2150        2155         20
        2191        2204         14
        3067        3051         47
        3155        3303         29
        3193        3245         11
        3203        3259         18
        3268        3216          9
        3279        3269         17
        3287        3269         12
        3292        3187         26
        3303        3269         20
        3303        3303         13
        3392        3369         11
        3407        3416         12
        3455        3455         56
        3465        3467          9
        3466        3466         27
        3473        3427         36
        3486        3466         30
        4012        4011         21
        4024        4035         34
        4040        4040         22
        4040        5107         39
        4052        5103         11
        4119        4074         33
        4148        4138         43
        4148        4164         28
        4155        4187          7
        4281        4280         17
        4299        4274          9
        4301        4301         17
        4341        4235         23
        4362        4374         46
        4364        4361         28
        5022        5034         20
        5049        5058         12
        5132        5093         28
        5177        5180         17
        5177        5194         17
        5190        5183         13
        5190        5195         22
        6100        6061         22
        6130        6061         70
        7073        7073         19
        7087        7099         18
        7144        7155         30
        7154        7073         74
        7154        7154         16
        8103        8125         11
        8105        8105         15
        8139        8139         61
        8145        6048         19
        8145        6179         64
        8145        8122         19
        8145        8147         15
        8147        8125         14
        8156        6179         67
        8156        8156         11
        8227        8210         17
        8238        8243         59
        8238        8254         60
        8249        8281         27
        8252        8263         11
        8252        8312         25
        8268        8303         39
        8271        8282         29
        8304        8340         39
        8331        8368         16
        8338        8334         20
        8357        8366         23
        8361        8379         22
        8366        8339         43
        8405        8367         31
        8410        8413         15
        8417        8397         26
        8518        8577         24
        8587        8528         22
        8589        8572          7
        8591        8591         33
        8597        8601         37
        8702        8709         16
        8709        8709        123
        8828        8835         38
        8837        8834         25
        8846        8863         24
        8858        8869         25
        8888        8888         55
        8888        8898         55
        8911        8908          7
        9006        9006         23
        9132        9141         35

TABLE    : start_time (805)

   ggh4_orig   ggh4_dest      total
        1358        1424         23
        1378        1378          6
        1423        1452         34
        1535        1535         33
        2094        2055          8
        2215        2191         33
        2263        2201         29
        2277        2295         18
        3097        3128         22
        3130        3097         19
        3307        3269         16
        3392        3394         18
        3466        3466         16
        4024        4035         14
        4035        4013          7
        4122        4122         25
        4162        4181          8
        4273        4272         33
        4301        4301         43
        4311        4274         29
        5105        5091         36
        5107        5107         11
        5195        5195         16
        5201        5192         80
        6106        6059         59
        7079        7087         16
        8139        8125        145
        8153        8139          5
        8353        8379         69
        8397        8379         17
        8579        8596         22
        9127        9111         16

TABLE    : start_time (807)

   ggh4_orig   ggh4_dest      total
        2204        2204         20

TABLE    : start_time (810)

   ggh4_orig   ggh4_dest      total
        1151        1204         30
        1239        1239         22
        1282        1295         24
        1383        1383         30
        1426        1426         41
        1480        1499         67
        1481        1446         23
        1511        4052         25
        2085        2063         10
        2141        2198          9
        2277        2295         18
        3060        3060         24
        3122        3117         23
        3335        3348         33
        4014        4009         26
        4042        4046          9
        4053        4066          6
        4121        4124         29
        4129        4011         44
        4188        4181          9
        4273        4272         27
        4310        4356         27
        4329        4311          9
        4341        4274         18
        5116        5102         28
        6054        6053         28
        6061        6061         31
        6179        6219         46
        7079        7087         22
        7126        7126         15
        8105        8139         65
        8150        8111         21
        8321        8281         63
        8527        8541         33
        8701        8601          5
        8701        8709         10
        8808        3130         59
        8900        8908         49

TABLE    : start_time (814)

   ggh4_orig   ggh4_dest      total
        3377        3298          5

TABLE    : start_time (815)

   ggh4_orig   ggh4_dest      total
        1126        1126         47
        1188        1383         42
        1413        1341         23
        2004        2014         25
        2036        2013         31
        3033        3050         26
        3128        3147         13
        3130        3051         11
        3130        3097         26
        3369        3361         36
        3474        3427         30
        4010        4011         19
        4035        4069         27
        4041        4129         11
        4045        4019         25
        4046        4011         11
        4335        4330          6
        5059        5034         38
        5059        5054         38
        5076        6191         21
        5203        5180         53
        5203        5189         27
        8105        8105         16
        8156        8156         32
        8268        8281         34
        8376        8364         99
        8521        8572         71
        8576        8577         43
        8601        8601         98
        8602        8596         31
        8702        8601         16
        8707        8710         20
        8708        8710          6
        8821        8835         15
        8886        8885         31
        8905        8905         96
        9017        9017          6
        9150        9141         52

TABLE    : start_time (820)

   ggh4_orig   ggh4_dest      total
        1302        1341         17
        1383        1518         30
        2009        2004         10
        2019        2013         40
        2134        2181          4
        2187        2175         11
        2280        2295         44
        3207        3207         22
        3254        3264         38
        3303        3187         15
        3377        3304          5
        4010        4016         18
        4040        4040         39
        4084        4037         32
        4089        4059          8
        4166        4186          8
        4247        4251         47
        4280        4344         20
        4298        4310         34
        4313        4285         41
        5044        5024         34
        5049        5053         57
        5143        5143         11
        6210        6175         35
        7004        7004         31
        7168        7037          8
        8240        8245         13
        8391        8405         24
        8406        8405         58
        8522        8513         31
        8527        8541         28
        8594        8596         27
        8708        8708         59
        8802        8806         24
        8828        8828         55
        8835        8835         34
        9010        9010         28

TABLE    : start_time (822)

   ggh4_orig   ggh4_dest      total
        8919        8914         31

TABLE    : start_time (825)

   ggh4_orig   ggh4_dest      total
        2181        2089         36
        2181        2139         36
        2285        2292         21
        3044        3055         15
        3259        3243         22
        3277        3247         48
        3403        3409         22
        4210        4235         18
        4243        4344          7
        4277        4244         34
        4298        4293         13
        5049        5058         18
        5101        5093         30
        8520        8528         20
        8585        8596        148
        9003        9004         31
        9008        9008         43
        9127        9120         16
        9146        9147         36

TABLE    : start_time (826)

   ggh4_orig   ggh4_dest      total
        8803        8806         23

TABLE    : start_time (830)

   ggh4_orig   ggh4_dest      total
        1225        1167         20
        1299        1299         65
        1353        1411         19
        1401        1373         83
        1425        1441         18
        1431        1621         53
        1434        2036         36
        1436        1351         14
        1438        1418         27
        1474        1406         10
        1535        1494         24
        1537        1488          7
        1566        1614         24
        1602        1303         39
        2009        2013         10
        2039        2013         45
        2065        2097         34
        2070        2143         10
        2074        2063         28
        2078        2014         13
        2124        2175         37
        2189        2256         29
        2198        2131         19
        2198        2187          9
        3099        3099         20
        3137        3094         30
        3157        3155         20
        3243        3243         14
        3323        3330         18
        3369        3361         57
        3373        3386          8
        3460        3427         12
        4014        4009         40
        4062        4032         37
        4078        4111        112
        4226        4244        108
        4244        4244         14
        4298        4310         36
        4299        4344         12
        4349        4331         13
        4364        4356         37
        5038        6032         16
        5044        5044         23
        5065        5065         10
        5107        5102         13
        5107        5107         10
        5143        5143         18
        6046        6050         30
        6084        6084         64
        7006        7010         10
        7035        7045         58
        7037        7033         11
        7037        7037         25
        7067        7069         12
        7136        7145         25
        7136        7154         25
        7137        7099         37
        7145        7145         35
        7154        7145         13
        8105        8139         22
        8115        8109         37
        8150        8105         25
        8150        8139         45
        8150        8156         53
        8154        8153         24
        8267        8421         36
        8268        8268         18
        8272        8311         12
        8424        8424          4
        8520        8528         27
        8522        8513         27
        8522        8528         27
        8529        8536         46
        8533        8528         28
        8709        8706         62
        8801        8801         24
        8811        8811         21
        8818        8816         15
        8835        8835         17
        8858        8867         64
        8890        8890         31
        8901        8891         10
        8901        8901         15
        8911        8907         45
        8918        8907        103
        9104        9111         33

TABLE    : start_time (835)

   ggh4_orig   ggh4_dest      total
        1502        1533         39
        2020        2036         37
        3135        3135         26
        3201        3226         22
        3219        3243         19
        3359        3377         87
        3362        3367         25
        3399        3398         25
        3473        3466         73
        4091        4084         18
        4107        4117         15
        4196        4200          6
        5202        5193          6
        7079        7087         14
        7126        7126         23
        7145        7145         17
        8156        8156          7
        8519        8508         25
        8591        8596         12
        8830        8817         13
        9130        9118          7

TABLE    : start_time (840)

   ggh4_orig   ggh4_dest      total
        1055        1118          9
        2039        2031         11
        2228        2235         35
        3235        2121          8
        3243        3243         11
        3366        3375         32
        4173        4146         16
        4298        4310         26
        5050        5051         22
        5076        5065         36
        5189        5182         16
        6024        6028         56
        6073        6073         53
        6078        6094         82
        6130        6077         65
        8268        8333         22
        8424        8424          4
        8518        8528         24
        8530        8528         48
        8816        8816          7
        8835        8830         23
        8842        8834         24
        9130        9130         64

TABLE    : start_time (845)

   ggh4_orig   ggh4_dest      total
        1054        1041         48
        1456        1506         21
        1537        1508         22
        2019        2031         40
        2026        2036         56
        2107        2150         19
        3217        3187         14
        3292        3272         36
        3485        3488         16
        4071        4111          9
        4117        4129         19
        5111        5092         11
        7145        7123         15
        8427        8402         50
        8816        8816         23
        8908        8914         94

TABLE    : start_time (850)

   ggh4_orig   ggh4_dest      total
        4020        4037         22
        4191        4200         64
        7168        7168         16
        8127        8107         26
        8381        8381         37

TABLE    : start_time (855)

   ggh4_orig   ggh4_dest      total
        4039        4021         34
        4138        4142         10
        5084        5084         10

TABLE    : start_time (857)

   ggh4_orig   ggh4_dest      total
        4333        4333        130

TABLE    : start_time (900)

   ggh4_orig   ggh4_dest      total
        1459        1459         11
        3057        3044         37
        3067        3075         25
        3334        3296         36
        4174        4263         27
        4283        4263         18
        4340        4341         36
        5202        4235          9
        7154        7123         25

TABLE    : start_time (902)

   ggh4_orig   ggh4_dest      total
        8803        8803         23

TABLE    : start_time (905)

   ggh4_orig   ggh4_dest      total
        3130        3119         20
        4319        4338         35
        7094        7099         26

TABLE    : start_time (910)

   ggh4_orig   ggh4_dest      total
        4367        4367         16

TABLE    : start_time (915)

   ggh4_orig   ggh4_dest      total
        8238        8281         25

TABLE    : start_time (920)

   ggh4_orig   ggh4_dest      total
        8268        8281         22
        8916        8914         18

TABLE    : start_time (1140)

   ggh4_orig   ggh4_dest      total
        1590        1594         29
        8526        8568         10

TABLE    : start_time (1300)

   ggh4_orig   ggh4_dest      total
        7068        8121         23
