Fri Nov 03 2023 22:59:27 GMT+0000 (Coordinated Universal Time) - Run Time: 2483ms

Cross Tabulation Query Form - Trip - 2016 v1.1

Row: GGHM V4 zone of origin - ggh4_orig
Column: GGHM V4 zone of destination - ggh4_dest
Table: Start time of trip - start_time


Filters:
Day of week trip data were collected - trip_day In 5, 
and
Trip purpose of destination - purp_dest In S, 
and
Primary travel mode of trip - mode_prime In D, 

Trip 2016
ROW : ggh4_orig
COLUMN : ggh4_dest

TABLE    : start_time (500)

   ggh4_orig   ggh4_dest      total
        3469        3027         49

TABLE    : start_time (545)

   ggh4_orig   ggh4_dest      total
        8153        6140         22

TABLE    : start_time (550)

   ggh4_orig   ggh4_dest      total
        3119        1357         18
        8826        1376         27

TABLE    : start_time (600)

   ggh4_orig   ggh4_dest      total
        1384        6200         19
        2218        1503         17
        3069        1357         35
        3443        5101         20
        4128        1142          8
        4206        1385         32
        4290        5106         29
        4376        1111         39
        5044       17074         22
        5110        4164         54
        9005        9012         22

TABLE    : start_time (610)

   ggh4_orig   ggh4_dest      total
        4082        1385         27

TABLE    : start_time (615)

   ggh4_orig   ggh4_dest      total
        1604        5101         12
        7033        6200         29

TABLE    : start_time (630)

   ggh4_orig   ggh4_dest      total
        1626        1003         16
        2309        9109         17
        3345        1213         35
        3403        1554         52
        4211        1376         17
        6090        2044         15
        8248        6136         27
        8325        8253         35
        8524        1003         20
        8907        8872         16
        9128        2076         47

TABLE    : start_time (635)

   ggh4_orig   ggh4_dest      total
        5189        1510         37

TABLE    : start_time (645)

   ggh4_orig   ggh4_dest      total
        1326        1003         14
        1342        3355         45
        5066        6190         54
        5076        1376         63
        7060        6140         57
        8708        8532         34
        9020        2076         61
        9020        9010         79

TABLE    : start_time (650)

   ggh4_orig   ggh4_dest      total
        3473        1586         25
        8867        1510         22

TABLE    : start_time (700)

   ggh4_orig   ggh4_dest      total
        1072        1376         14
        1081        1142         27
        1200        1003         42
        1299        1076         49
        1325        1233         27
        1361        4330          4
        1366        1213         12
        1505        1376         45
        1521        1385         58
        1536        3184         67
        1596        2076         39
        1599        1376         50
        2157        2215         36
        3080        1233         20
        3247        1111         17
        3257        1385         99
        3273        1172         10
        3281        1114         32
        3465        4025         56
        4003        1029          5
        4061        3257         19
        4066       17065         14
        4084        4066         36
        4090        5101         26
        4121        4025         27
        4174        4077         29
        4187        5101         26
        4266        1003         51
        4311        1376         14
        4335        1510         25
        4341        1385         23
        4370        4171         71
        5148        3355         23
        6113        6140        109
        6172        6200         25
        7004        7082         38
        7081        6140         23
        7089        7099          3
        7095        7082         22
        7145        1376         12
        8124        1303         10
        8148        8287         64
        8273        8532         27
        8377        8244         25
        8427        8253         25
        8428        8253         11
        8568        8244         42
        8705        3355         15
        8709        8706         48
        8817        8872         31
        8905        8872         18
        9020        2215         79
        9134        9010         17

TABLE    : start_time (705)

   ggh4_orig   ggh4_dest      total
        1321        1347         20
        1480        1560         61
        3179        1142         12

TABLE    : start_time (710)

   ggh4_orig   ggh4_dest      total
        1307        1510         33
        1400        1589         16
        2014        1376         18
        3292        1076         46
        4054        1388         28
        4094        1003         15
        5018        5101         25
        8570        8222         33
        8828        8872         30
        9102        9115         10

TABLE    : start_time (715)

   ggh4_orig   ggh4_dest      total
        1453        1003         15
        1460        1258         17
        1614        1597         27
        2036        1376         23
        2194        1576         12
        3177        1510         43
        4117        1376         23
        4138        1376         36
        4186        4231         26
        4265        1376         14
        4277        1376         25
        4341        4164         20
        4370        8702         13
        5135        8392         35
        8108        6140         52
        8366        8325         11
        8565        8380         13

TABLE    : start_time (720)

   ggh4_orig   ggh4_dest      total
        1030        1376         13
        1502        1152         35
        2085        1516         29
        3226        1586         27
        4117        5145         27
        4279        1376         10
        5051        1560         25
        7046        7082         18
        8802        1097         29
        8858        8872         31
        8891        8893          5

TABLE    : start_time (725)

   ggh4_orig   ggh4_dest      total
        3288        1554         10
        5113        8136         19

TABLE    : start_time (730)

   ggh4_orig   ggh4_dest      total
        1042        1576         18
        1055        1510         14
        1152        1230         18
        1224        1142         48
        1305        1586         77
        2149        9109         29
        2156        2215         44
        2198        2076         20
        2204        1376         92
        2206        2174         32
        2227        2215         23
        2251        1576         10
        3159        1510         24
        3187        3269         12
        3287        3155         10
        3298        3317         18
        3391        8532         17
        3443        2140         33
        3485        8872         24
        4003        4105         37
        4030        6200         32
        4046        1003         27
        4104        4074         73
        4129        1152         19
        4163        1503         61
        4173        8532         15
        4245        4164         11
        4315        4171         21
        4345        8263         28
        4367        4374         20
        4369        4374         20
        4375        4371         17
        5040        6126         31
        5053        5080         16
        5053        5101         11
        5132        1503         20
        6093        6200         33
        6100        6093         19
        6100        7037         35
        6183        6140         30
        7004        7037         27
        7060        7111         17
        7109        7082          5
        7167        7159         34
        8208        8380         38
        8209        6136         25
        8238        8345         13
        8254        8253         38
        8255        8384         34
        8303        8222         17
        8413        8390         85
        8428        8253         15
        8814        3355         56
        8821        8828         56
        8835        8831         24
        8837        8840         28
        8861        8872         20
        8885        8831         21
        8890        8835         11
        8890        8894         18
        9023        9022         11
        9133        9109         19

TABLE    : start_time (735)

   ggh4_orig   ggh4_dest      total
        4200        4076         30
        5143        4018         13
        8273        8253         40
        8839        8872         14

TABLE    : start_time (740)

   ggh4_orig   ggh4_dest      total
        2269        2215          8
        4055        1537         27
        4163        4174        112
        4365        4328         45
        8832        8872         41

TABLE    : start_time (745)

   ggh4_orig   ggh4_dest      total
        1146        1112         18
        1292        5101         23
        2175        2215         14
        3087        3355          8
        3404        3202         30
        4104        1376         10
        4173        4204         19
        4267        6140         72
        5076        5145         21
        6234        6191         83
        8259        8252         32
        8316        8253         29
        8417        8427         22
        8801        8872         15
        8830        8835         17
        8832        8830         21
        8833        8834         39
        8880        8894         20

TABLE    : start_time (750)

   ggh4_orig   ggh4_dest      total
        1175        1213         17
        2310        9138         20
        6110        6126         42
        8282        8380         19
        8866        8894         14

TABLE    : start_time (755)

   ggh4_orig   ggh4_dest      total
        3195        3212         18
        3388        3389         34
        4187        8872         18
        5039        5036          9
        8898        8898         14

TABLE    : start_time (800)

   ggh4_orig   ggh4_dest      total
        1202        1357         34
        1291        1376         22
        1314        3201         30
        1343        1357         10
        1394        1467          5
        1471        1385         13
        1549        1586         12
        1556        1586         16
        1590        1114         24
        1620        1152         75
        2034        2042         10
        2149        2215         29
        2175        2116         14
        2189        9310         40
        2191        2169         22
        2201        2215         16
        2228        2097         28
        2269        2215         13
        2269        2235         21
        2285        2215         93
        2306        2292         12
        3020        1510         17
        3050        1003         54
        3051        1510          7
        3056        1376         25
        3069        1349         54
        3082        1376         16
        3082        1486         16
        3085        1510         10
        3097        1376         44
        3137        1510         29
        3197        3144          6
        3212        1586         27
        3281        3257         20
        3285        1510         28
        3372        8872         44
        3390        8893         37
        4013        4164         86
        4015        5106         46
        4019        1376         23
        4054        4077         31
        4058        4077         55
        4061        4025         44
        4061        4065         56
        4061        4084         44
        4089        1376         14
        4099        1114         66
        4133        4147         25
        4157        4164         15
        4162        4164         19
        4163        5101         23
        4177        3355         23
        4310        1122         33
        4341        1003         16
        4341        1404         29
        4358        8885         82
        4367        1003         42
        5055        8384          6
        5066        5061         54
        5074        6200        104
        5075        5076         38
        5110        5096         54
        5143        5101         13
        5183        5194         18
        6046        6200         32
        6089        6119         66
        6094        8136         52
        6116        6065         50
        6170        6200         45
        6214        6191         42
        7007        7003         34
        7033        7037         54
        7037        7039         36
        7133        7111         24
        7154        7082         33
        8112        8121         24
        8219        6140         23
        8248        8253         37
        8254        8253         33
        8255        8395         34
        8271        8253         26
        8290        8253         14
        8307        8536         40
        8367        8253         25
        8376        8253         12
        8393        8384         31
        8402        8253         21
        8408        8311         29
        8524        8253         30
        8527        8532         21
        8531        8532         36
        8572        8253         16
        8705        4164         16
        8805        1510         28
        8809        3355         80
        8814        2215         23
        8832        8872         21
        8893        8893        141
        8905        8872         22
        9010        9012         27
        9114        9122         14
        9119        9109         16
        9131        9123         21

TABLE    : start_time (805)

   ggh4_orig   ggh4_dest      total
        1252        1385         31
        2256        2215         12
        3425        3202         10
        5107        5096         22
        6106        6200         28
        8835        8830         19
        8871        8871         55

TABLE    : start_time (810)

   ggh4_orig   ggh4_dest      total
        1466        8380         38
        3216        3247         26
        3227        3238         34
        6036        6068         48
        6051        8532         48
        7033        7039         21
        8271        8281         35
        8520        8532         77
        8597        8532         14
        8601        8601         34

TABLE    : start_time (815)

   ggh4_orig   ggh4_dest      total
        1366        1510         19
        2032        1473          9
        2244        2138         10
        2269        9138         24
        3173        3130         28
        4075        4025         22
        4122        4124         32
        6222        5016         69
        7111        7111         27
        7132        7115          9
        7134        7155         36
        7145        7082         28
        8526        8528         28
        8814       17898         56
        9009        9138         28

TABLE    : start_time (820)

   ggh4_orig   ggh4_dest      total
        1055        1126         15
        3051        1487         16
        3067        3006         31
        4311        4310         30
        5050        5054         28
        8319        8253         21
        8701        8702         13
        8890        8890         21
        8898        8893         26
        9131        9138         76

TABLE    : start_time (825)

   ggh4_orig   ggh4_dest      total
        1041        4025         49
        1624        1560         34
        4320        4265         26
        5095        4025         43
        6032        6195         40
        7009        7037         12
        8201        8210         95

TABLE    : start_time (830)

   ggh4_orig   ggh4_dest      total
        1272        1003         17
        1382        1271         22
        1481        1510         26
        1533        1586         28
        2013        2004         21
        2039        1189         42
        2285        2292         18
        2309        2310         17
        3223        1554         62
        3345        1560         39
        3455        1589         18
        3465        3470         27
        4023        4164          9
        4024        4025         10
        4046        4074         23
        4061        4077         12
        4080        1376         16
        4259        1510         19
        4320        1560         26
        4331        4025         21
        5076        5080         24
        5124        3184         20
        5189        8380         57
        6041        6200         33
        6074        6200         69
        6107        6119         14
        6129        6190         31
        7033        7037         53
        7045        7037         15
        7062        7062        130
        7094        7099         31
        7159        7082         25
        8107        5024         12
        8147        8123         40
        8154        8147         68
        8156        8139         11
        8156        8156         10
        8243        8532         33
        8256        6140         43
        8529        8541         54
        8583        8581         31
        8702        8702         39
        8803        1213         13
        8821        8872         40
        8907        8907         71

TABLE    : start_time (835)

   ggh4_orig   ggh4_dest      total
        1304        1376         77
        1539        1582         23
        3186        1586         23
        4084        4025         21
        7003        7037         21

TABLE    : start_time (840)

   ggh4_orig   ggh4_dest      total
        1456        1579         15
        3488        3488         46
        8305        8384         10
        8711        8710          6
        9121        9138        137

TABLE    : start_time (845)

   ggh4_orig   ggh4_dest      total
        1011        4108         18
        1361        1376         57
        1363        1381         24
        1407        1447         41
        2181        2215         12
        3141        3103         48
        3281        1544         14
        3466        3466         30
        8253        8244         18
        8534        8572          7
        8900        8914         42

TABLE    : start_time (850)

   ggh4_orig   ggh4_dest      total
        8386        8380         26
        8702        8702         25

TABLE    : start_time (855)

   ggh4_orig   ggh4_dest      total
        1138        1586         16
        1239        1516         48
        1593        1586         17
        3290        1376         17
        6206        7082         40
        8520        8532         16
        8818        8828         19

TABLE    : start_time (900)

   ggh4_orig   ggh4_dest      total
        1015        1554         29
        1044        1152         41
        1070        1003         25
        1188        1586         30
        1251        1262         57
        1343        1357         10
        1361        4025         18
        1371        1554         39
        1453        1376         15
        1547        1554         22
        1549        1571         34
        1549        1586         56
        1556        1503         32
        1567        3355         14
        1583        1510         38
        1619        1542         20
        2014        9109         46
        2020        2017         29
        2042        1510          7
        2103        2108         35
        3022        1510         30
        3056        1213         35
        3114        1510         25
        3150        4025         32
        3153        1586         19
        3160        1586         26
        3177        1465         41
        3209        1586          6
        3275        1486         55
        3427        3416         13
        4017        4025         53
        4052        4076         25
        4061        1172         28
        4110        1503         15
        4142        4164         11
        4148        4209         22
        4151        4164         26
        4247        1003         77
        4260        4077         20
        4278        1142         28
        4301        8872          8
        4311        4025         28
        4335        1388         14
        5040        6200         31
        5084        6200         10
        5183        1376         32
        5183        8532         31
        6059        6200         97
        6069        6140         56
        6210        6200         44
        6220        6200         33
        7037        7111         38
        7099        7082         16
        7123        7082         33
        7134        7037         45
        7145        6126         32
        8201        8253         33
        8240        8253         46
        8251        8536         36
        8284        8253         26
        8316        8384         29
        8364        8532         19
        8397        8384         18
        8424        8353         27
        8425        8532         28
        8520        8532         47
        8601        1376         21
        8702        8702         22
        8709        5101         81
        8807        8872         20
        8811        1510         40
        8829        8872         34
        8873        8872         14
        9130        9109         27

TABLE    : start_time (905)

   ggh4_orig   ggh4_dest      total
        1072        1114          5
        5045        6200          7
        8893        8898         18

TABLE    : start_time (910)

   ggh4_orig   ggh4_dest      total
        1418        1528         30
        1520        6200         91
        1528        1510         45
        6235        6137         26
        8347        8380         14

TABLE    : start_time (915)

   ggh4_orig   ggh4_dest      total
        1420        1003         14
        1568        1586         30
        3268        3202         27
        4128        4025         26
        4341        1376         27
        7046        7045         17
        8272        8384         72

TABLE    : start_time (920)

   ggh4_orig   ggh4_dest      total
        3379        1152         19
        5002        6200         29
        6128        6200        110

TABLE    : start_time (925)

   ggh4_orig   ggh4_dest      total
        3110        3249         13
        4163        1376        112
        8239        8253         41

TABLE    : start_time (930)

   ggh4_orig   ggh4_dest      total
        1272        1510         25
        1482        1357         26
        1535        1510         21
        1562        1586         26
        1625        4164         23
        2014        1560         24
        2131        2215         29
        2205        2215         28
        2206        2215         32
        3084        1510          8
        3407        3416         25
        4080        6200         10
        5158        5158         27
        7076        7037          8
        7090        6187         24
        7134        7037         37
        8151        8107         12
        8238        8380         15
        8282        8253         36
        8288        8380         34
        8308       16534         32
        8552        8253         55
        8602        8532         21
        8863        8872         13
        8887        8885         20
        9131        9138         76

TABLE    : start_time (940)

   ggh4_orig   ggh4_dest      total
        2276        2215         18
        4245        1122         20
        4251        1003         17

TABLE    : start_time (945)

   ggh4_orig   ggh4_dest      total
        1062        1047         12
        3186        1560         27
        3247        1554         22
        3281        3184         55
        4009        4025         13
        4370        4370         25
        6045        6200         25
        6065        6126         36
        8271        8302         14
        8579        8532         36

TABLE    : start_time (950)

   ggh4_orig   ggh4_dest      total
        6164        6200         49

TABLE    : start_time (1000)

   ggh4_orig   ggh4_dest      total
        1041        8380         12
        1177        1510         20
        1339        1510         12
        1394        1347          5
        1491        1376         17
        1528        1560         44
        1602        1510         50
        2002        1554         14
        2013        1554         27
        2026        2215         27
        2124        1554         29
        2311        2215         25
        3034        1510         26
        3179        1586         24
        3390        8851         26
        3437        8872         28
        4020        1111         29
        4033        6200          4
        4066        4025         13
        4114        6200         21
        4273        1510         64
        4302        1003         37
        4311        4164         41
        4317        1376         59
        5044        6126         63
        5074        6200        104
        5177        5101         81
        6137        1510         81
        7079        7082         61
        7105        7111         10
        7123        7082         33
        7148        7082         30
        7155        7155         25
        8107        8353         17
        8208        8395         33
        8238        8384         39
        8292        8384         23
        8309        8380          5
        8312        8384         30
        8340        8384         40
        8377        8532         27
        8513        8528         25
        8565        8532         56
        8596        8536         23
        8893        8893         30

TABLE    : start_time (1005)

   ggh4_orig   ggh4_dest      total
        1408        1376         32
        4298        1376         19
        8308        8253         33
        8898        8898         11

TABLE    : start_time (1010)

   ggh4_orig   ggh4_dest      total
        2191        1152         16
        7159        7082         26

TABLE    : start_time (1015)

   ggh4_orig   ggh4_dest      total
        1176        1142         17
        3033        1510         20
        3153        1510         25
        4084        1142         36
        8150        8532         20
        8360        8253         40
        8817        8872         16

TABLE    : start_time (1020)

   ggh4_orig   ggh4_dest      total
        1308        1554         27
        3258        3099         15
        8523        8532         23
        9007        9010         57

TABLE    : start_time (1030)

   ggh4_orig   ggh4_dest      total
        1294        1003         34
        2055        2215         43
        2227        2215         16
        3097        1510         17
        4023        5101         61
        4266        1003         51
        4367        1376         21
        5075        6200         51
        7038        7037         10
        7067        7037         25
        8156        8253         18
        8300        8253          9
        8312        8325         86
        8315        8384          7
        8358        8253         48
        8552        8253         55
        8578        8380         13

TABLE    : start_time (1040)

   ggh4_orig   ggh4_dest      total
        1553        1510         26
        4191        4025         17
        7079        7082         25
        8840        8872         40

TABLE    : start_time (1045)

   ggh4_orig   ggh4_dest      total
        1222        4164         19
        8368        8384         10

TABLE    : start_time (1100)

   ggh4_orig   ggh4_dest      total
        1024        1003         18
        1546        1152         43
        1575        1576         32
        2001        1554         19
        2131        2215         63
        2157        1385         34
        2196        2104         49
        3173        1376         15
        3190        1510         30
        3253        1172         29
        3363        2215         49
        4005        5101         58
        4174        4164         27
        4246        4231         14
        4320        4328          7
        5051        6190         23
        5129        7037         26
        5174        4077         80
        6032        6200         36
        6094        1003         39
        7035        7082         29
        7075        6140         42
        8108        8136         14
        8304        8244         31
        8376        6140         16
        8530        8380          7
        8594        8253         27
        9132        9107         50

TABLE    : start_time (1105)

   ggh4_orig   ggh4_dest      total
        1418        2215         52
        5084        1142         32
        8379        8384          8

TABLE    : start_time (1110)

   ggh4_orig   ggh4_dest      total
        5129        5101         45
        7087        7082         24

TABLE    : start_time (1115)

   ggh4_orig   ggh4_dest      total
        4141        8532         12
        7116        7082          9
        8587        8532         35

TABLE    : start_time (1120)

   ggh4_orig   ggh4_dest      total
        1459        1510         12

TABLE    : start_time (1130)

   ggh4_orig   ggh4_dest      total
        1301        1357         35
        2042        2076         29
        2196        2215         39
        4061        4025         13
        5022        6195         24
        6133        6200         18
        8247        8253         33
        8274        8532         16
        8308        8345         35
        8704        8287         53
        8821        8830         40
        8873        8865         52

TABLE    : start_time (1150)

   ggh4_orig   ggh4_dest      total
        1552        1554         21

TABLE    : start_time (1200)

   ggh4_orig   ggh4_dest      total
        1096        1152         12
        1361        1114          5
        1447        1205         26
        1557        2215         18
        1563        1554         13
        2223        2076         17
        3159        1376         27
        4091        6200         15
        4142        2097         25
        4169        1213          9
        4245        1376          5
        4278        4164         28
        5069        1554         33
        6122        6200         60
        7148        7111         17
        8130        6140         55
        8267        1376         25
        8368        8352         16
        8702        8702         22
        9117        9109         37

TABLE    : start_time (1215)

   ggh4_orig   ggh4_dest      total
        1460        1152         23
        1481        3036         20

TABLE    : start_time (1220)

   ggh4_orig   ggh4_dest      total
        1298        1142         22
        4125        4025         23
        8381        8325         32

TABLE    : start_time (1225)

   ggh4_orig   ggh4_dest      total
        2131        2215         45
        8224        8139         25

TABLE    : start_time (1230)

   ggh4_orig   ggh4_dest      total
        1371        1385         27
        2067        2104         41
        3343        1597         25
        4005        5101         23
        5066        4077         54
        5075        1003         27
        6141        6140         45
        8525        8253         20

TABLE    : start_time (1240)

   ggh4_orig   ggh4_dest      total
        2039        1554         41
        4021        1385         10

TABLE    : start_time (1245)

   ggh4_orig   ggh4_dest      total
        1358        1357         19
        7087        7037         34

TABLE    : start_time (1250)

   ggh4_orig   ggh4_dest      total
        8247        8380         53

TABLE    : start_time (1300)

   ggh4_orig   ggh4_dest      total
        1153        1376         10
        1433        1597         37
        1620        1376         75
        3171        1510         35
        3196        1510         12
        3281        3164         14
        4045        8532         26
        4052        1510         25
        7108        7111         25
        7151        7037         37
        8255       16534         14
        8506        8532         34
        8536        8532         25
        8889        8894        116

TABLE    : start_time (1315)

   ggh4_orig   ggh4_dest      total
        4155        4273         92

TABLE    : start_time (1320)

   ggh4_orig   ggh4_dest      total
        3051        1376         12
        8584        8253        101

TABLE    : start_time (1330)

   ggh4_orig   ggh4_dest      total
        1088        1560         33
        1387        1560         15
        3258        1510         43
        7108        7037         34
        7159        7082         32
        8210        8392          8
        8701        4164          3

TABLE    : start_time (1340)

   ggh4_orig   ggh4_dest      total
        4076        4025         47

TABLE    : start_time (1350)

   ggh4_orig   ggh4_dest      total
        5040        6150         23

TABLE    : start_time (1400)

   ggh4_orig   ggh4_dest      total
        1101        1376          7
        1424        1510         29
        3114        1510         29
        7087        7082         22
        8304        8380         31
        8400        8380         31
        8894        8894         18

TABLE    : start_time (1415)

   ggh4_orig   ggh4_dest      total
        1578        1510         11
        4244        4164         55

TABLE    : start_time (1425)

   ggh4_orig   ggh4_dest      total
        2212        2215         57
        8302        8253         52

TABLE    : start_time (1430)

   ggh4_orig   ggh4_dest      total
        1516        1122         14
        8367        8380         13
        8821        8872         56

TABLE    : start_time (1500)

   ggh4_orig   ggh4_dest      total
        1304        1114         20
        3435        8872         22
        4294        4077         44
        5053        5101         21
        6177        6200         45
        7148        7082         28
        8427        8532         37
        8537        8560         28

TABLE    : start_time (1505)

   ggh4_orig   ggh4_dest      total
        6096        6140         33

TABLE    : start_time (1510)

   ggh4_orig   ggh4_dest      total
        1193        1510         19

TABLE    : start_time (1515)

   ggh4_orig   ggh4_dest      total
        7148        7111         36

TABLE    : start_time (1535)

   ggh4_orig   ggh4_dest      total
        7139       99998         79

TABLE    : start_time (1540)

   ggh4_orig   ggh4_dest      total
        4135        1510         40

TABLE    : start_time (1600)

   ggh4_orig   ggh4_dest      total
        1469        1003         12
        8345        8380         28
        8399        8532         14
        8400        8380         31

TABLE    : start_time (1630)

   ggh4_orig   ggh4_dest      total
        5183        8532         19
        7111        7082         54

TABLE    : start_time (1635)

   ggh4_orig   ggh4_dest      total
        7144        7082         62

TABLE    : start_time (1700)

   ggh4_orig   ggh4_dest      total
        1403        1554         24
        2074        1437         26

TABLE    : start_time (1710)

   ggh4_orig   ggh4_dest      total
        1251        1003        106
        1609        1510         20

TABLE    : start_time (1730)

   ggh4_orig   ggh4_dest      total
        1011        1213         25
        1117        1172         24
        1320        3201         47
        2174        2215         24
        3194        1510         25

TABLE    : start_time (1800)

   ggh4_orig   ggh4_dest      total
        4151        4164         11
        4208        1003         26
        8107        8136         14

TABLE    : start_time (1830)

   ggh4_orig   ggh4_dest      total
        1571        1510         12
        3051        1510         16
        5083        4077         21
        8326        8384         17

TABLE    : start_time (1840)

   ggh4_orig   ggh4_dest      total
        1509        1586         49

TABLE    : start_time (1845)

   ggh4_orig   ggh4_dest      total
        1216        1097          8

TABLE    : start_time (1900)

   ggh4_orig   ggh4_dest      total
        1571        1586         20
        4096        4077         15
        8409        1510         30

TABLE    : start_time (1930)

   ggh4_orig   ggh4_dest      total
        1443        1510         29

TABLE    : start_time (2000)

   ggh4_orig   ggh4_dest      total
        8154        8532         68

TABLE    : start_time (2330)

   ggh4_orig   ggh4_dest      total
        1537        1560         21

TABLE    : start_time (2500)

   ggh4_orig   ggh4_dest      total
        1539        1510          8
