Fri Nov 03 2023 21:48:13 GMT+0000 (Coordinated Universal Time) - Run Time: 2483ms

Cross Tabulation Query Form - Trip - 2016 v1.1

Row: GGHM V4 zone of origin - ggh4_orig
Column: GGHM V4 zone of destination - ggh4_dest
Table: Start time of trip - start_time


Filters:
Day of week trip data were collected - trip_day In 4, 
and
Trip purpose of destination - purp_dest In W, 
and
Primary travel mode of trip - mode_prime In P, 

Trip 2016
ROW : ggh4_orig
COLUMN : ggh4_dest

TABLE    : start_time (400)

   ggh4_orig   ggh4_dest      total
        1428        3045         55
        2278        1088         12
        3303        1139         31
        4057        3100         21
        4082        5048         22
        4286        4208         14
        6051        6087         47
        8282        8264         44
        8524        8537         14

TABLE    : start_time (405)

   ggh4_orig   ggh4_dest      total
        1135        1275         16

TABLE    : start_time (410)

   ggh4_orig   ggh4_dest      total
        4171        4147         20

TABLE    : start_time (415)

   ggh4_orig   ggh4_dest      total
        1258        1364         24
        1295        8825         20
        8814        1195         18

TABLE    : start_time (430)

   ggh4_orig   ggh4_dest      total
        1346        1056         22
        1381        4182         26
        1457        1562         36
        2198        1405         15
        6075        5048         41
        9134        9149          9

TABLE    : start_time (435)

   ggh4_orig   ggh4_dest      total
        7062        7068         19

TABLE    : start_time (445)

   ggh4_orig   ggh4_dest      total
        1566        3085         25
        8525        8570         27
        8702        4294         15
        8858        8864          8

TABLE    : start_time (500)

   ggh4_orig   ggh4_dest      total
        1182        6162          6
        1238        3078         95
        1239        4384        106
        1252        1300         12
        1352        1512         17
        1422        1204         11
        1526        4012         20
        1569        3114        124
        1621        1129         27
        1624        1433         44
        4013        5137         15
        4075        4136         19
        4104        4126         35
        4162        4180          7
        4162        5115         18
        4228        4245         67
        4341        3015          7
        7009        3151          4
        7037        6199          8
        7062        7163          8
        7063        1524          6
        8209        4303          6
        8814        4308         43
        8829        1610         16
        9026        8813         25

TABLE    : start_time (510)

   ggh4_orig   ggh4_dest      total
        1544        1618         15
        2055        4158         31
        4244        4276         21
        4320        4249         14
        6046        5171         55
        6162        5048         44
        8837        8834         13
        9111        2061         53

TABLE    : start_time (515)

   ggh4_orig   ggh4_dest      total
        1146        4136         36
        1331        1318         11
        1535        1362         17
        1594        3143         16
        2020        1115         85
        2033        4108         24
        3244       10322         25
        4005        1122         13
        4228        4313         67
        4279        4378         45
        4298        3014         15
        4300        4115          8
        5018        5012         20
        8130        8145          9
        8245        3009         86
        8603        5161         21
        8705        3368         33
        8830        1490         14
       99998        4149         25

TABLE    : start_time (520)

   ggh4_orig   ggh4_dest      total
        1013        1017         12
        2107        1365         26

TABLE    : start_time (525)

   ggh4_orig   ggh4_dest      total
        1305        4100         19
        4272        3078         14
        6081        6127         20
        8305        8253         38
        8826        1454         27

TABLE    : start_time (530)

   ggh4_orig   ggh4_dest      total
        1009        4382         22
        1219        1311         15
        1239        1198         41
        1355        1081         53
        1363        3093          5
        1388        1322         57
        1441        4180         22
        1483        3041         17
        1604        1569         16
        2093        2095          6
        2112        2011          7
        3019        1477         32
        3119        5169         37
        3179        3222         16
        3446        3408          9
        4117        4144         11
        4138        4382         46
        4141        1023         11
        4148        4361          8
        4226        4228         19
        4239        4379         24
        4243        4287         30
        4246        3070         47
        4246        4294         14
        4287        6145         14
        4310        3022         26
        4341        3064         19
        5111        4182         15
        6050        5048         34
        6104        6195         23
        6173        6036         30
        7126        7081         18
        8310        8289         32
        8364        5016         47
        8545        8567         34
        8568        1018         19
        8601        4304         13
        8710        8711         29
        8803        3064         13
        8873        8858          4

TABLE    : start_time (535)

   ggh4_orig   ggh4_dest      total
        1277        4382         42

TABLE    : start_time (540)

   ggh4_orig   ggh4_dest      total
        1352        1310         12
        2148        2227         10
        4240        1090         11
        5143        1300         18
        7081        4090         13
        8862        8862         10

TABLE    : start_time (545)

   ggh4_orig   ggh4_dest      total
        1486        1251          9
        2021        2004         57
        2178        2061         38
        2189        2061         68
        3465        1454         29
        4073        4077         47
        4260        4241         38
        4299        1180         23
        6178        1016         66
        8239        8239         13
        8895        8894         20
        9122        9123         68

TABLE    : start_time (550)

   ggh4_orig   ggh4_dest      total
        1285        1175          7
        1387        5191         44
        2175        1104         59
        4244        4154         26
        4330        4276          7
        8813        8864         18

TABLE    : start_time (555)

   ggh4_orig   ggh4_dest      total
        1583        1018         19
        2109        2273         19

TABLE    : start_time (600)

   ggh4_orig   ggh4_dest      total
        1094        1389          5
        1097        4158         46
        1123        1014         23
        1131        1124         75
        1134        2294         50
        1159        1160         15
        1159        4303         22
        1230        1357         29
        1244        3186         13
        1258        1251         49
        1282        1514         44
        1314        1477         14
        1370        1219         28
        1371        3129         10
        1400        3064         14
        1409        3074         30
        1414        3374         50
        1462        1443         61
        1480        3264         38
        1494        1084          6
        1525        3247          9
        1535        1202         28
        1565        3374         11
        1566        5138         44
        1572        1528         17
        1574        3113         38
        1616        3129         25
        1631        1375         25
        2014        1324         25
        2089        2087         42
        2093        2018          7
        2149        2091         11
        2235        8810         27
        3085        3251         11
        3179        3062          9
        3273        3215         50
        3290       17116         30
        3372        3194         29
        3397        1375         21
        3403        1248         15
        3424        3404         48
        4039        8856         41
        4052        1477         12
        4091        4159         16
        4101        1061          7
        4117        4028         15
        4117        4115         44
        4129        1347         32
        4148        4116         19
        4163        3089         10
        4171        4297          8
        4218        4159          9
        4218        5199         18
        4266        4292         36
        4272        4304         57
        5148        5144         32
        6053        6212         16
        6105        6097         24
        6126        1486         26
        7053        7054         29
        7079        7038         18
        7099        7088         13
        7148        7151         27
        8154        8143         25
        8256        8285         22
        8263        6173         18
        8308        8412         21
        8399        8569         12
        8410        8299         14
        8565        8596         46
        8576        4135         27
        8596        8565         19
        8875        8831         58
        8880        8833         33
        8898        8896         24
        8902        4249         19
        8907        8911         21
        8910        8872         45

TABLE    : start_time (605)

   ggh4_orig   ggh4_dest      total
        1441        1282         26
        1577        1594         48
        4251        1111          8
        6045        6043         37
        6162        6144        133
        8427        8427         22

TABLE    : start_time (610)

   ggh4_orig   ggh4_dest      total
        1194        1075          5
        1352        1251         22
        1447        1479         29
        1459        1466          9
        1539        3208         36
        1576        1320         10
        1604        1385         12
        2034        1518         14
        2169        2007         27
        3099        3155         19
        3288        4115         18
        4298        4383         15
        4310        4136         10
        4362        4149         11
        5037        5048        116
        5158        4351         27
        5169        5164         52
        8213        8569         41
        8596        8427         23
        8839        8856         60
        8881        4182         21

TABLE    : start_time (615)

   ggh4_orig   ggh4_dest      total
        1015        4068         15
        1138        1135         19
        1149        1010         16
        1216        3106         16
        1251        1347          8
        1369        1469         15
        1409        1100         15
        1614        4288          6
        3097        4084         12
        3407        3086         12
        4186        4165         11
        4188        4249         15
        4214        4118          6
        4235        4219         22
        4325        1404         34
        4330        1289         38
        5050        1058         22
        5054        5051         20
        5143        1125         22
        6129        6137         37
        7087        7104         18
        8364        8264         29
        8893        8898         70
        8894        8893         31
        9317        2036         21

TABLE    : start_time (620)

   ggh4_orig   ggh4_dest      total
        1381        3129         18
        1387        6156         23
        1423        1478         16
        1487        2132         81
        1567        3175         20
        1600        1479         30
        3431        1395         21
        4171        4171         28
        4177        4300         18
        4259        4109         25
        4341        3115         10
        4367        4361         32
        5040        5029         30
        6075        6157         41
        8282        8269         14
        8299        8353         23

TABLE    : start_time (625)

   ggh4_orig   ggh4_dest      total
        1149        1057          9
        1295        1404         21
        1514        1343         37
        1529        1576         24
        1549        1478         18
        4030        4159         40
        4070        4111         20
        4245        4282         31
        5148        4145         24
        6073        6196         96
        6096        6127         24

TABLE    : start_time (630)

   ggh4_orig   ggh4_dest      total
        1009        1013          8
        1011        1151         22
        1027        1107         13
        1056        3044         12
        1089        1104         37
        1109        1171         14
        1158        1361         11
        1159        4055         13
        1190        1135         31
        1202        1477         28
        1251        8587         28
        1270        1128         33
        1287        4283         21
        1311        4158         48
        1315        1473         10
        1338        8805         21
        1348        1478         30
        1350        1111         50
        1353        3036          4
        1371        1124         22
        1371        4206         54
        1387        1347          9
        1403        1352         11
        1414        3024         45
        1417        1540         11
        1443        3068          9
        1453        1477         17
        1472        1478         20
        1487        8806         81
        1488        1623         13
        1503        1095         24
        1508        1419         26
        1513        3184         24
        1529        1511          8
        1552        3172         24
        1599        1436         71
        1607        1622         16
        2013        1199         17
        2103        3393         35
        2271        1543         14
        2306        1248         17
        3051        1477         19
        3179        3106         19
        3220        3257         11
        3273        1122         36
        3369        1528         41
        3470        3414         25
        4030        4111         51
        4040        4118         11
        4051        4144         20
        4061        4048         20
        4078        1029         33
        4121        4131         47
        4129        1369         19
        4151        4154         29
        4162        4189         34
        4196        4156         30
        4214        4266         20
        4245        4276          7
        4246        4147         42
        4247        1404         23
        4255        5161         29
        4257        1430        102
        4257        4154         10
        4273        4247         18
        4332        3015         29
        4341        4291         12
        5076        5101         18
        5124        4118         15
        5193        1066         10
        6074        5051         49
        6082        6151         48
        6099        6119         77
        7037        7037         19
        7073        7073         30
        7093        7139         12
        7097        7104         11
        7113        7145         14
        7137        7109         59
        8139        8151         32
        8235        8263         27
        8257        8392         18
        8405        1100         18
        8809        1443         24
        8830        8850          9
        8840        8833         27
        8858        3088          8
        8862        8834         16
        8865        8850          4
        8871        8855         42
        8874        1180         24
        8899        8833         26
        8900        8916         42
        8907        7033         15
        9125        9122         20

TABLE    : start_time (635)

   ggh4_orig   ggh4_dest      total
        1422        1289         18
        1604        1135         13
        3257        3251         26
        3285        1609         30
        3362        1347         31
        4003        1042         31
        5107        1469         27
        5193        5137          6
        8119        8135        100
        8702        3029         21
        8818        8813         23

TABLE    : start_time (640)

   ggh4_orig   ggh4_dest      total
        1044        1541         20
        1136        1128         17
        1614        1365         12
        1631        1612         38
        2102        3184          8
        3051        3022         20
        3221        1117          9
        3404        3381         14
        4016        4012         46
        4088        4088         23
        4299        1100          7
        5183        4288         12
        8364        8353          6
        8405        8362         23
        8405        8372         16
        8901       17509         38

TABLE    : start_time (645)

   ggh4_orig   ggh4_dest      total
        1055        1061         58
        1130        1029         27
        1141        1357         16
        1193        4294         11
        1235        1324         22
        1258        1100         13
        1275        1058          9
        1291        1318         19
        1308        1135          8
        1314        1524         13
        1389        1392          9
        1412        1091          9
        1525        1607         23
        2092        4234         14
        2121        1491          7
        3034        1478         14
        3266        3186         34
        3287        3064         13
        3372        3036         26
        3390        3087         36
        4040        4064         29
        4094        4182         22
        4181        4150          7
        4260        1125          6
        4278        4207          9
        4285        4297         35
        5007        5012         37
        5008        5010        100
        5190        4252         20
        6064        6032         39
        7135        7127         19
        8111        8121         75
        8258        8207         27
        8291       17819         15
        8390        8414         10
        8565        8514         28
        8894        8893         31
        8910        8910         14

TABLE    : start_time (650)

   ggh4_orig   ggh4_dest      total
        1202        1321         11
        1453        1491         12
        1552        1303         24
        3130        1363         30
        3145        1510         20
        3189        3258         20
        3308        1491         34
        3407        1482         19
        4053        4077         12
        4054        4158         23
        4280        4158         10
        5139        4156         32
        7155        7104         17
        8268        8268         37
        8572        8556         34
        8905       16281         28
        9145        9145         53

TABLE    : start_time (655)

   ggh4_orig   ggh4_dest      total
        1423        1430         20
        1434        1504         28
        1521        1021          8
        1577        1530         10
        1614        1608         12
        4058        4131         38
        8278        8324         17

TABLE    : start_time (700)

   ggh4_orig   ggh4_dest      total
        1012        1100         12
        1056        1050         10
        1056        1347         12
        1123        1195         33
        1190        1020        120
        1242        1142         36
        1275        2257         14
        1285        3133         12
        1286        1204         13
        1291        1473         25
        1301        1110         14
        1303        1084         20
        1333        3041         17
        1352        1490         14
        1369        1091          5
        1409        1135         37
        1409        1461         33
        1423        3100         34
        1429        1375         21
        1450        1586          7
        1455        1516         51
        1494        3062         45
        1508        1161         17
        1514        1629         14
        1525        1320         32
        1528        1580         21
        1539        1122         17
        1549        3061         19
        1574        1135         21
        1576        1569         23
        1615        1142         13
        1626        1619         13
        1626        3062         12
        2002        1177         50
        2026        2002         14
        2155        2132         20
        2177        1199         23
        2181        2104         17
        2202        2038         21
        2227        2136         21
        3034        1035         38
        3057        1357         12
        3117        1161          5
        3141        3204         18
        3160        1125         11
        3199        3022         16
        3215        1264         43
        3230        1521         11
        3244        1516         21
        3266        3068          9
        3276        3346         15
        3302        1440         15
        3318        1138         19
        3331        1345         13
        3364        1290         30
        3400        1622         13
        3407        3386         13
        3443        8831         13
        3490        3346         21
        3490        3418         21
        4034        1069         19
        4040        4006         22
        4044        4055         12
        4051        8618         22
        4063        4025         29
        4091        4230         14
        4141        1117         17
        4141        1175         17
        4163        4079         25
        4200        3007         30
        4221        4131         28
        4228        4120         27
        4280        1020         10
        4303        4226         28
        4367        4131         36
        5036        4079         39
        5054        4077         34
        5059        4006         18
        5148        4076         30
        5183        4371         18
        6059        6212         31
        6203        6209         17
        6235        4111         49
        7015        7115         40
        8107        8105         41
        8144        6036         25
        8152        8107         30
        8154        8143          9
        8288        8271         11
        8292        8296         16
        8299        8280         21
        8533        8526         35
        8571        8572         36
        8705        4274         45
        8805        3039         47
        8888        1521         27
        8907        4170         14
        9113        2184         26
        9134        9113         32

TABLE    : start_time (705)

   ggh4_orig   ggh4_dest      total
        1055        5137          9
        1341        1538         54
        1617        4206         55
        3055        1611          6
        3272        1609          8
        4200        4156         52
        4285        1406         16
        4285        4262         21
        6052        6193          8
        7009        7104         22
        7016        7015         20
        7099        7116         12
        9009        9108         48

TABLE    : start_time (710)

   ggh4_orig   ggh4_dest      total
        1187        1248         12
        1407        3158          9
        1536        1075         35
        2009        1143         29
        3247        3194         34
        3287        4118          6
        3486        3186         26
        4162        4092         30
        4181        4164          5
        4187        4262         14
        6208        6157         34
        7009        7022         22
        8153        8123          8
        8219        8216         28
        8325        8351         10
        8824        8827         75
        8842        8841         11

TABLE    : start_time (715)

   ggh4_orig   ggh4_dest      total
        1029        1058          8
        1071        1133         12
        1081        1003         22
        1215        1110         50
        1240        1084         12
        1246        1102         36
        1290        1426         51
        1367        1357         17
        1432        1537         16
        1452        1510          8
        1493        1264          9
        1523        1497         66
        1548        1461         16
        2023        2022         21
        2042        1340         26
        2143        1580         29
        2149        2202         32
        2204        2064         18
        3055        1490         17
        3099        1125         15
        3119        1524         20
        3302        3293         37
        3303        1524         16
        3334        1518         21
        3388        3427         14
        3455        3142          7
        3456        3373         27
        4030        1029         19
        4041        4158         12
        4063        4104         19
        4102        4141         15
        4173        4111         32
        4259        1415         15
        5054        5194         16
        6044        5012         83
        6134        6189         32
        6214        4288         88
        8278        8274         23
        8517        8532         18
        8805        3099          8
        8828        8824         35
        8866        8857         13
        9140        9124         14

TABLE    : start_time (720)

   ggh4_orig   ggh4_dest      total
        1046        4158          8
        1166        1243         38
        1230        3208         16
        1314        1097         55
        1318        1135         43
        1338        1300         14
        1392        1104         17
        1491        3098         23
        1526        2018         19
        1556        1526         16
        1615        1623          8
        2005        2003         36
        2141        2156         60
        3060        3173         12
        3076        1496         18
        3223        1084         18
        3223        1104         22
        3229        3175         20
        3281        1084         15
        3308        1100         15
        3462        3432          6
        4075        4012         27
        4313        4172         10
        4341        3010         21
        5028        5007         22
        5038        5048         10
        5189        4111          8
        6155        6140         22
        7017        7014         19
        9115        9107         35

TABLE    : start_time (725)

   ggh4_orig   ggh4_dest      total
        1081        1110         22
        1103        1081         16
        1144        1357          6
        1168        1044          5
        1181        4262          9
        1242        1240         22
        1257        1321          7
        1331        1057         18
        1387        1461         30
        1542        1440         18
        1544        4127         25
        3145        3054         16
        3293        3102         13
        3351        3184         23
        4091        1130          4
        4094        1020         18
        4129        4088         20
        5021        5023         32
        5113        4100         14
        8908        8910         12

TABLE    : start_time (730)

   ggh4_orig   ggh4_dest      total
        1015        1061         19
        1021        1090         47
        1030        1505         31
        1035        4149         44
        1052        1524         11
        1059        1084         24
        1063        1043         22
        1089        1104         19
        1131        1029         75
        1139        1372         34
        1151        1207         11
        1169        1211         28
        1186        1152          9
        1207        1135         12
        1217        1393         25
        1239        1465         43
        1240        1114          6
        1254        1621         10
        1292        1112         22
        1292        1185         30
        1302        3171         27
        1311        1207         31
        1323        1369         13
        1351        1321         34
        1360        1440         14
        1369        1363         27
        1374        1029         15
        1403        1335         13
        1408        1503         71
        1447        1125         24
        1453        1469         17
        1480        1516        138
        1480        1629         25
        1482        1133         24
        1483        1510         28
        1487        1415         12
        1496        1114          8
        1508        1479          6
        1546        3190         18
        1556        1580         11
        1558        1327         13
        1604        1447         10
        1604        1522         23
        2010        2022         22
        2013        3427         30
        2121        1372         69
        2149        2061         16
        2206        9010         24
        2218        2099         13
        3055        1546         20
        3055        3010         23
        3082        1012         24
        3087        1110          7
        3091        3064         22
        3116        4111         17
        3120        3131         14
        3137        1141         30
        3150        1531         11
        3150        1597         19
        3173        1363         17
        3183        3204          5
        3287        3214         26
        3394        3220         28
        3415        3412         15
        3446        1333         16
        3466        3157         22
        4009        1510         13
        4017        4006         28
        4037        3090         31
        4041        5090         18
        4042        1029         26
        4043        1079         25
        4052        4118         34
        4052        5137         22
        4053        4143         12
        4058        5086         38
        4074        1142         26
        4078        4076         14
        4084        4016         17
        4099        4186         11
        4117        4091         17
        4134        4090         15
        4143        4136         28
        4155        4311          8
        4214        1061         18
        4246        4234         47
        4273        4280         12
        5040        5158         36
        5094        1081         40
        5101        5090         30
        5110        5086         20
        5139        5155         32
        5158        4378         15
        5201        4284         45
        6176        6196         21
        6205        6173        140
        7032        7028         43
        7037        7039         26
        7062        7060         21
        7087        7087         20
        8155        8136         11
        8222        8274         13
        8239        8360         16
        8249        8380         31
        8268        8381         16
        8312        8380         33
        8352        8363         30
        8364        8333         20
        8365        8353         27
        8366        8345         10
        8406        8394         33
        8428        8427          8
        8518        8565         20
        8521        8532         10
        8581        8514         19
        8705        4203         36
        8705        8709         18
        8830        3412         14
        8846        8813         13
        8873        8868          6
        8895        8888         26
        9130        9122         14
        9134        9148         24
        9148        9122          7

TABLE    : start_time (735)

   ggh4_orig   ggh4_dest      total
        1311        4081         36
        1376        1454         25
        1570        4180          5
        3060        1295         16
        3121        1491          4
        3148        1629         11
        3175        3208         20
        3287        3251         23
        3303        1524         16
        4045        4118         21
        4083        4380         25
        6096        6199         27
        6143        6092         27
        8375        8378         22
        8600        5202          8
        8839        8870         60
        8857        8850         14
        9120        9122         45

TABLE    : start_time (740)

   ggh4_orig   ggh4_dest      total
        1271        1110         11
        1274        1075         11
        1285        1152         30
        1399        3022          7
        1521        1584         22
        1596        4126         21
        1631        1511         39
        2055        1406         56
        2055        3186         26
        2235        2198         28
        3135        1349         38
        3135        1477         20
        3144        1363         55
        3150        1584         30
        3424        3419         32
        4030        4012         13
        4052        4089         12
        4052        4093         15
        4224        4234         55
        4297        1524         18
        4341        1355         16
        5090        5070         16
        5125        4274         31
        7009        7016         16
        8887        8887          9
        8907        8908         70

TABLE    : start_time (745)

   ggh4_orig   ggh4_dest      total
        1046        1084         14
        1105        1100         10
        1109        1110         14
        1118        1075         12
        1239        1080         12
        1285        1066         26
        1303        1100         20
        1315        1069         15
        1372        1188         38
        1387        1518         28
        1409        1378          5
        1468        1084         10
        1508        1528          7
        1549        3057         15
        1599        1327         34
        1620        1618         23
        1625        1584         30
        2055        3208         54
        3089        3186         23
        3095        1516         62
        3130        3088         15
        3299        3186         22
        3363        1490         62
        4023        4169         13
        4105        4115          7
        4133        4111         15
        4143        4130         44
        4235        4248         15
        4251        1510         15
        4266        4207         39
        5046        5051         38
        6085        6173         97
        6122        6196         54
        7100        7116         27
        7127        7151         41
        8129        8136         60
        8362        8380        101
        8405        8401         39
        8533        8353         80
        8831        8827         38
        8837        8833         14
        8898        8895         24
        9135        2258         31
        9145        9141         20

TABLE    : start_time (750)

   ggh4_orig   ggh4_dest      total
        1042        1110         18
        1063        4380         20
        1136        4298        101
        1207        1110         12
        1303        1177         18
        1388        3008         49
        1537        1124         18
        1538        1122         20
        2115        1580         17
        2196        9304         14
        3202        1061         15
        3216        4234         17
        3273        3206         13
        3273        3209         39
        3277        3189         34
        3488        3488         14
        4268        4156         26
        5008        6197         51
        5013        5005         24
        5076        4013         18
        6204        6083         27
        7116        7139         21
        8402        8386         38
        8702        8702         19
        8875        8875         72
        8893        8893         17

TABLE    : start_time (755)

   ggh4_orig   ggh4_dest      total
        1207        1084         11
        1274        1117         40
        1353        1323          5
        1466        3209         14
        1577        4131          4
        1616        1516         12
        4186        4271         13
        4341        4276         15
        7046        7046         57

TABLE    : start_time (800)

   ggh4_orig   ggh4_dest      total
        1002        1029         30
        1003        1017         11
        1004        1205          4
        1027        1151          8
        1046        1100         27
        1055        1058         15
        1055        1084         24
        1055        1126         21
        1103        1020         15
        1111        3068         74
        1114        1084         10
        1137        1104         11
        1148        1129         40
        1164        3164         25
        1179        1030         28
        1179        1300         27
        1222        4252         17
        1226        1100         34
        1230        1122         16
        1242        1100         25
        1286        1284         25
        1295        3042         26
        1305        1135         14
        1326        1357         17
        1341        1395          8
        1391        1090         29
        1407        3227          9
        1423        1291         20
        1443        5130         20
        1449        1199         10
        1494        1095         33
        1531        1357         17
        1536        1394         10
        1565        1566         25
        1615        3194         17
        1616        1554         47
        1618        1061         54
        1628        1488         25
        1628        1528         30
        2013        1152         13
        2014        1100         10
        2085        4234         10
        2103        2215         17
        2143        1516         22
        2215        3227          7
        2220        1599         25
        2223        2032         24
        2233        3064         17
        2313        1629         16
        3051        1249         15
        3051        3126         15
        3110        1268         49
        3118        3014          9
        3130        3374         19
        3137        3155         18
        3144        1478         38
        3150        1477         46
        3150        3102         13
        3153        1490         21
        3160        3233         31
        3160        4078         19
        3181        4256         20
        3186        3142         44
        3229        2284         23
        3259        1608         14
        3281        3372         23
        3362        1528         16
        3397        3129         14
        3397        3433         11
        4013        3087         11
        4027        1061         10
        4028        1466         14
        4054        5080         19
        4075        4031         26
        4076        4062         28
        4076        4144         14
        4089        4207          6
        4091        4030         19
        4095        4150         31
        4111        4144         20
        4189        4147         16
        4196        4131         23
        4285        4149         25
        4298        4311          9
        4317        1430         29
        4319        4136         13
        4341        4259         19
        5038        4111         16
        5054        8416         45
        5092        5102         23
        5143        4136         17
        5151        5139         26
        5158        4218         18
        5183        1095         31
        6032        5011        106
        6075        6137         29
        6081        6171         28
        6128        6134         31
        6210        6188         31
        7040        7082          8
        7093        7056         15
        7118        7133         28
        7144        7140         18
        8145        6187          7
        8150        8105          8
        8202        1490         15
        8254        8260         13
        8278        8345         20
        8349        8409         40
        8355        8355         24
        8360        8239         53
        8577        8557         15
        8601        8601         21
        8831        8864         26
        8835        8833         17
        8843        8871         15
        8852        8847          7
        8893        8893         31
        8894        4358         28
        8898        8902         14
        8910        8893         14
        9120        9134         38

TABLE    : start_time (805)

   ggh4_orig   ggh4_dest      total
        1003        1044         14
        1182        1111          6
        1225        1321         12
        1228        1104         16
        1278        1195         11
        1360        1115         37
        1501        1518         76
        1587        1433         20
        2125        2132         38
        2302        2206         41
        3117        1177         41
        3135        1518         27
        3137        1365          4
        3189        3042         12
        3231        1395         55
        3404        3420         17
        5011        5038         18
        5066        5053         15
        5111        5053         20
        8288        8268         13
        8288        8394         31
        8835        8831         22
        8871        8885         24
        9112        9109         15

TABLE    : start_time (810)

   ggh4_orig   ggh4_dest      total
        1128        1135          5
        1163        3208         19
        1255        1221         16
        1278        1111         23
        1292        1291         11
        1371        1285         10
        1400        5199         14
        1448        1580         23
        1512        1505          4
        3067        3064         25
        3137        4136         31
        3141        1573        126
        4040        4100         11
        4070        4100         24
        4272        4158         11
        5044        5106         91
        8102       17902         27
        8103        8103          4
        8315        8359          8
        8331        8365         25
        8361        8365          9
        8409        8351         18
        8570        8557         15
        8866        8863         13
        9013        9008          5

TABLE    : start_time (815)

   ggh4_orig   ggh4_dest      total
        1027        4104         45
        1055        1061         12
        1162        1410          6
        1181        1258         13
        1185        1045         24
        1228        1154         21
        1317        1347         17
        1339        3097         26
        1392        1544         15
        1403        3100         14
        1413        1514         13
        1459        1354          9
        1468        1458         15
        1603        1526         46
        1613        1524         17
        1620        3193         18
        2013        1152         13
        2194        2045         40
        2194        2206         32
        2194        2218         21
        2198        2118         18
        3130        3030          7
        3171        3219         40
        3203        3161         46
        3263        3098         10
        3426        3399         21
        4053        4025         21
        4053        4130         17
        4078        4041         23
        4107        5075         17
        4143        4145         44
        4171        4131         13
        4191        4031          8
        4280        4327         26
        4356        4212         44
        4370        4367         31
        5202        4344         19
        6005        4082         47
        6051        6140        146
        6069        6134          9
        7076        7070          5
        7083        7165          9
        7087        7096         19
        8130        8123          5
        8288        8380         19
        8304        8391         25
        8331        8348         17
        8361        8352         22
        8553        8532         24
        8555        8532         24
        8709        8706         16
        8835        8848         17
        8857        8907         18
        9134        9109         34

TABLE    : start_time (820)

   ggh4_orig   ggh4_dest      total
        1119        1104          7
        1191        3092         38
        1192        1084         14
        1220        1233          6
        1274        1542         21
        1376        1277         41
        1398        1484         13
        1452        1152         10
        1517        1491         26
        3135        1478         41
        3210        3046         13
        3238        3068         12
        3249        3102         25
        3290        3204         11
        4070        4154         33
        4119        4147         48
        4148        4169        103
        4247        4150         24
        8576        8572         21

TABLE    : start_time (825)

   ggh4_orig   ggh4_dest      total
        1085        1152         19
        1186        1067         40
        1475        2100         24
        1505        1542         14
        3249        3190         32
        3257        3194         26
        3364        3186         43
        5133        4054         29
        7004        7022         55
        8576        8532         16
        8885        8843         42

TABLE    : start_time (830)

   ggh4_orig   ggh4_dest      total
        1021        1100         22
        1021        1149         40
        1052        1102         18
        1071        1042         12
        1109        1117         22
        1120       17761         13
        1168        3030        121
        1187        1154          6
        1194        1213         11
        1195        1084         12
        1197        1096         19
        1233        1154         10
        1259        1481          6
        1308        1239         29
        1309        1340         32
        1328        1188         18
        1333        1473         23
        1361        1427         18
        1378        1233         16
        1424        1608         34
        1438        1528          9
        1468        3174         14
        1484        1479         20
        1488        2109          8
        1490        1296         11
        1491        1520         13
        1494        1473         21
        1494        1531         22
        1520        4169         10
        1537        1395         20
        1537        1434         13
        1544        1588         13
        1603        1426         25
        1605        1560         18
        1607        1525          5
        1617        1609         18
        1625        3098         61
        1625        3186         17
        2010        2018         22
        2021        2145         57
        2131        2102         73
        2174        2068         16
        2294        2292         16
        3069        1545         26
        3084        3131         17
        3099        3164         41
        3117        3152         27
        3121        3216         13
        3193        3174         37
        3209        1528         39
        3244        1537         12
        3249        3204         24
        3282        1466         16
        4017        1141         22
        4040        4060         15
        4058        4077         42
        4062        4090          5
        4071        4158         17
        4134        4170         20
        4162        1580          5
        4164        4292          3
        4267        4267         35
        4279        4252         25
        4285        4274         30
        4286        4225         34
        4323        4335          5
        4326        4286         47
        4335        3023         12
        5002        1347         17
        5075        5101         21
        5124        3152         14
        5129        4012          8
        5183        4109         32
        6139        7145         32
        6176        6156         41
        7046        5013         18
        7076        7022         23
        7087        7087         13
        8209        8262         22
        8284        8380         23
        8368        8365         15
        8392        8375         11
        8413        8272         20
        8413        8400         26
        8565        8532         25
        8596        8596          8
        8833        8848         30
        8890        8887         29
        8901        8891         19
        8907        8910         18
        9114        9134         26
        9135        9121         44
       18089        8532         29

TABLE    : start_time (835)

   ggh4_orig   ggh4_dest      total
        1015        1134         21
        1186        1154          6
        1224        1166         14
        1277        4154         18
        1285        1379          7
        1426        1608         20
        1494        1379         25
        1551        3116         11
        1555        3077          9
        2094        1588         21
        4005        6036         16
        4255        4144         16
        7151        7115          8

TABLE    : start_time (840)

   ggh4_orig   ggh4_dest      total
        1208        1324          6
        1242        1091         28
        1270        1347         48
        1447        1364         12
        1539        1482         14
        1602        1602         26
        3266        1600         25
        3285        1611         35
        4091        4156         41
        4206        4206         11
        4315        4234         22
        5076        5086         30
        7162        7068          9
        8148        8150         21
        8391        8389         17

TABLE    : start_time (845)

   ggh4_orig   ggh4_dest      total
        1194        1192         11
        1218        1042          5
        1318        1138         16
        1393        1316         19
        1411        1524         86
        1437        1176          6
        1515        1611         13
        1518        1490         16
        1594        1610         61
        1602        1541          7
        1625        3103         20
        2032        2017         23
        3116        3094         22
        3185        3194         16
        3227        3152         29
        4020        4126         36
        4054        4100         42
        4061        4079         45
        4235        4156         26
        4272        4249         38
        4278        4227         15
        5034        5023         70
        5158        5161         17
        6105        6187         27
        6139        6226         27
        7079        7115         30
        7099        7114          4
        8381        8346         12
        8528        8510          7
        8530        8532          4
        8902        8857         31

TABLE    : start_time (850)

   ggh4_orig   ggh4_dest      total
        1189        1172          5
        1242        1321         10
        1264        1321         14
        1520        1491          6
        2227        1516         13
        3190        1609         17
        3268        3314          4
        4101        4115         13
        4287        4311          8
        5158        5145         24
        8271        8282         26

TABLE    : start_time (855)

   ggh4_orig   ggh4_dest      total
        1003        1117          4
        1467        3204         26
        1537        3418         30
        2013        1569         21
        4089        4206         21

TABLE    : start_time (900)

   ggh4_orig   ggh4_dest      total
        1003        1300          6
        1055        4169         56
        1144        1182         29
        1163        1163          4
        1206        1242         10
        1233        1110         42
        1292        1238         14
        1340        1407         11
        1353        1477          5
        1392        1495         15
        1428        1415         21
        1471        1568         10
        1511        1428         38
        1518        1490         17
        1518        3131         18
        1533        3194         27
        1625        1187         42
        2074        1539         25
        2115        2143         12
        2138        2204         13
        2169        2075         12
        2228        3186         14
        3055        3279         31
        3186        1588         45
        3247        3279         12
        3266        3226         20
        3273        3208         15
        3285        1095         40
        3397        1629         24
        3417        3399        112
        4010        4009         50
        4042        1296         26
        4054        1014         17
        4054        4074         17
        4094        4098         28
        4105        4127         26
        4105        4131         25
        4107        4077         10
        4117        4115          9
        4123        4077         11
        4129        4170         29
        4160        4164          9
        4341        1350          9
        4376        4361         39
        5056        3152         33
        5059        5035         64
        5130        1125         13
        5130        1135         13
        5143        1515         19
        6067        6192         63
        7067        7111         55
        7109        6088         14
        7167        7167         12
        8129        8149         60
        8221        8528         27
        8348        1100          8
        8872        8834          8
        8895        8893         19
        9119        9122         11
        9150        9112         20

TABLE    : start_time (905)

   ggh4_orig   ggh4_dest      total
        1318        1473         27
        1585        1542         28
        1586        1516         13
        2140        2028         14
        3189        3105         20
        4083        4166          7
        4095        4092         21
        6059        6036         48
        8828        8868         22

TABLE    : start_time (910)

   ggh4_orig   ggh4_dest      total
        1075        1516         18
        1229        1110         13
        1565        4004          7
        4076        1376         24
        4122        4186         13
        8229        8276          5

TABLE    : start_time (915)

   ggh4_orig   ggh4_dest      total
        1127        1321          8
        1321        1406         23
        1502        1542         11
        2143       17506          5
        3293        3131         46
        4267        1295         35
        8402        8409         14
        8414        8414         20

TABLE    : start_time (920)

   ggh4_orig   ggh4_dest      total
        1614        3152         16
        2004        1528         75
        2169        2191         27
        7067        7068          8
        7116        7115         12

TABLE    : start_time (925)

   ggh4_orig   ggh4_dest      total
        9128        9108         62

TABLE    : start_time (930)

   ggh4_orig   ggh4_dest      total
        1014        1004         11
        1046        4154         14
        1169        1080         39
        1254        1215          9
        1260        1306        102
        1285        1433         28
        1329        1401         44
        1337        1124         25
        1375        1365         55
        1382        1242         14
        1415        1486         10
        1468        1440         29
        1474        1384         49
        1500        1293         12
        1553        1521         34
        1597        1579         14
        2039        2023         14
        3044        1490         56
        3145        3071         20
        3259        3103         35
        3290        3199         33
        3308        3246         25
        4019        4017         95
        4041        4378         23
        4072        4131         29
        4074        1016         11
        4084        4233         25
        4119        5137         34
        4122        4122         10
        4133        4130         35
        4240        4262         16
        4287        4189        121
        4332        4325         29
        5039        5047         27
        6094        6200         26
        6181        6172         11
        7108        7145         10
        8293        8515         16
        8381        8380         33
        8819        8815         30
        8867        8835         28
        9133        9132         10

TABLE    : start_time (935)

   ggh4_orig   ggh4_dest      total
        3099        3158         44
        4076        4004         20
        4297        4262         22

TABLE    : start_time (940)

   ggh4_orig   ggh4_dest      total
        1273        1273        102
        3226        3120         19
        4087        4069         19

TABLE    : start_time (945)

   ggh4_orig   ggh4_dest      total
        1116        1152          5
        1311        1543         11
        1505        1154         13
        3141        4101         89
        4020        4077         24
        4259        4262         15
        8867        8870          7

TABLE    : start_time (950)

   ggh4_orig   ggh4_dest      total
        2138        2138          7
        4094        4098         29
        8292        8276         26

TABLE    : start_time (955)

   ggh4_orig   ggh4_dest      total
        4113        4112         26
        7099        7099         31
        8288        8379          8

TABLE    : start_time (1000)

   ggh4_orig   ggh4_dest      total
        1006        4108         20
        1329        1058         22
        1392        1365         42
        1413        1100         28
        1426        1524          8
        1427        3030         46
        1501        1554          9
        1520        3066         13
        1625        1516         17
        1625        1609          9
        2044        2099         52
        2191        2132         12
        3334        3169         22
        3429        3417         15
        3483        3239          8
        4023        4131         61
        4114        4077         18
        4151        4079         43
        5069        1430         16
        5125        4064         13
        7099        7099         31
        7159        7120         23
        8867        1145         28

TABLE    : start_time (1005)

   ggh4_orig   ggh4_dest      total
        1378        1561         20
        7106        7106         19

TABLE    : start_time (1010)

   ggh4_orig   ggh4_dest      total
        1029        1016         27
        3220        3199         20
        4078        4016         23
        4298        4182         34
        5059        1071         37
        5076        1540         29

TABLE    : start_time (1015)

   ggh4_orig   ggh4_dest      total
        1021        6233         15
        1376        4234         11
        4057        5162         15

TABLE    : start_time (1020)

   ggh4_orig   ggh4_dest      total
        1581        3158         66
        8830        8834          9

TABLE    : start_time (1025)

   ggh4_orig   ggh4_dest      total
        2177        2112         52

TABLE    : start_time (1030)

   ggh4_orig   ggh4_dest      total
        1128        4182          5
        1240        1449         10
        1566        1520         59
        1626        2053         19
        2009        3209         20
        2023        2015         21
        2177        1100         13
        2201        2293         50
        3148        3123         13
        4066        4014         23
        4081        4115         29
        4117        4156         41
        4326        4279         34
        8402        8360         12
        9131        9112         46

TABLE    : start_time (1040)

   ggh4_orig   ggh4_dest      total
        1443        3020         10

TABLE    : start_time (1045)

   ggh4_orig   ggh4_dest      total
        1192        1510          5
        1448        1484         11
        3095        3103         52
        4187        4262          9

TABLE    : start_time (1050)

   ggh4_orig   ggh4_dest      total
        2263        2149         95
        7106        7106         15

TABLE    : start_time (1055)

   ggh4_orig   ggh4_dest      total
        1496        1491         24
        4058        4042         58

TABLE    : start_time (1100)

   ggh4_orig   ggh4_dest      total
        1055        3063         25
        1091        8891         16
        1131        1246         11
        1158        1140          6
        1182        1083         12
        1487        1142         59
        1582        1578         19
        1583        1528         10
        2009        2028         12
        3055        1368         20
        3069        3071         34
        3150        1581         58
        3369        3374         16
        3488        3488         41
        5133        5143         69
        8299        8277         19
        8811        8820         55
        8835        8847          6
        8878        8872         48

TABLE    : start_time (1105)

   ggh4_orig   ggh4_dest      total
        1587        1321         20
        5049        4156         20
        8883        8885         11

TABLE    : start_time (1110)

   ggh4_orig   ggh4_dest      total
        1526        1489         37
        2233        1582          8

TABLE    : start_time (1115)

   ggh4_orig   ggh4_dest      total
        1360        1385         14
        8402        8378         14

TABLE    : start_time (1120)

   ggh4_orig   ggh4_dest      total
        3044        1518         56
        3302        3174         19

TABLE    : start_time (1130)

   ggh4_orig   ggh4_dest      total
        1614        3174         12
        3062        4314         32
        3077        3071         47
        4214        4120         20
        5008        5007         51
        5080        4079         10
        5153        5144         15
        8284        8279         22

TABLE    : start_time (1140)

   ggh4_orig   ggh4_dest      total
        7122        7167         64

TABLE    : start_time (1150)

   ggh4_orig   ggh4_dest      total
        4084        4045         24

TABLE    : start_time (1200)

   ggh4_orig   ggh4_dest      total
        1035        1221         25
        1075        1100          8
        1220        1227          6
        1458        1520         22
        1621        3233         27
        3150        1618         58
        3246        3196         48
        4251        4276          9
        4278        4288         35
        5051        5052         21
        5053        5087         14
        7137        7140         12
        8515        8570         20

TABLE    : start_time (1205)

   ggh4_orig   ggh4_dest      total
        3219        4378          5

TABLE    : start_time (1210)

   ggh4_orig   ggh4_dest      total
        8546        8569         20

TABLE    : start_time (1220)

   ggh4_orig   ggh4_dest      total
        4165        3167         35

TABLE    : start_time (1230)

   ggh4_orig   ggh4_dest      total
        1190        1172          5
        1314        1072         32
        1549        3031         71
        6111        6149         46
        6131        6149         33
        6163        6200         52

TABLE    : start_time (1235)

   ggh4_orig   ggh4_dest      total
        4102        1013         29

TABLE    : start_time (1245)

   ggh4_orig   ggh4_dest      total
        1246        1295         36
        3392        3394         12
        7046        7046         17
        8148        8120         18

TABLE    : start_time (1255)

   ggh4_orig   ggh4_dest      total
        3141        3161         33

TABLE    : start_time (1300)

   ggh4_orig   ggh4_dest      total
        1243       17924         17
        1252        1105         26
        1258        1109         12
        1343        1090          9
        2315        2317         20
        3171        3229         10
        3257        3246         13
        3474        3470         41
        4174        4199         36
        8315        8262         18

TABLE    : start_time (1310)

   ggh4_orig   ggh4_dest      total
        1216        1295         27

TABLE    : start_time (1315)

   ggh4_orig   ggh4_dest      total
        5124        5161         30
        8524        8549         25

TABLE    : start_time (1320)

   ggh4_orig   ggh4_dest      total
        1603        1402         15

TABLE    : start_time (1330)

   ggh4_orig   ggh4_dest      total
        1066        1116         17
        1260        1513         26
        1423        1411         26
        2204        1416         20
        3424        3432         28
        4257        4149         24
        4300        4182         27
        7108        7148         17
        8410        8386         21

TABLE    : start_time (1335)

   ggh4_orig   ggh4_dest      total
        1382        4068         45

TABLE    : start_time (1340)

   ggh4_orig   ggh4_dest      total
        2139        2133         24

TABLE    : start_time (1345)

   ggh4_orig   ggh4_dest      total
        2020        2047         19
        4043        4082         30
        4101        4001         23
        4270        5157         10

TABLE    : start_time (1350)

   ggh4_orig   ggh4_dest      total
        7137        7139         49

TABLE    : start_time (1400)

   ggh4_orig   ggh4_dest      total
        1146        1319         14
        1291        3035         21
        1295        4048         36
        1360        1389         19
        1472        3031         13
        1594        3129         10
        2085        2024         33
        3023        3022         24
        4005        5051         17
        4117        1050         47
        4117        4048         22
        4141        4379         20
        4228        4139         19
        4246        4288         14
        4317        4180         17
        5195        5198         10
        8236        8270         13
        8357        8386         15
        8805        3375         19

TABLE    : start_time (1410)

   ggh4_orig   ggh4_dest      total
        4055        1021         35
        4105        4127         33

TABLE    : start_time (1415)

   ggh4_orig   ggh4_dest      total
        1495        1449         30

TABLE    : start_time (1420)

   ggh4_orig   ggh4_dest      total
        1049        4047         28
        3404        3395         28

TABLE    : start_time (1425)

   ggh4_orig   ggh4_dest      total
        2293        2018          9
        4171        4171         69

TABLE    : start_time (1430)

   ggh4_orig   ggh4_dest      total
        1403        1310         15
        1423        3068         16
        1483        1411         12
        1631        2035         34
        2002        1340         11
        2152        2174         22
        3259        3243         27
        4268        4378        138
        4341        3045         15
        5020        5048         38
        5200        8597          3
        6204        6204         24
        8576        8537         27
        8834        8813         25

TABLE    : start_time (1435)

   ggh4_orig   ggh4_dest      total
        1406        3063         18
        8148        8143         18

TABLE    : start_time (1440)

   ggh4_orig   ggh4_dest      total
        4286        4292         19

TABLE    : start_time (1445)

   ggh4_orig   ggh4_dest      total
        2256        2251         47
        4279        4249         21
        8277        8365         13

TABLE    : start_time (1450)

   ggh4_orig   ggh4_dest      total
        1496        4379         17
        3051        3010         14

TABLE    : start_time (1455)

   ggh4_orig   ggh4_dest      total
        8156        8156         12

TABLE    : start_time (1500)

   ggh4_orig   ggh4_dest      total
        1045        1013         55
        1273        1246         45
        1274        1274         17
        1378        1419         20
        1400        1411         25
        1443        3115         11
        2233        2227         36
        3224        3182         26
        3465        3432         21
        4173        4234         16
        8596        5019         14
        8873        8869         21

TABLE    : start_time (1505)

   ggh4_orig   ggh4_dest      total
        7155        7107         36
        9119        9109         37

TABLE    : start_time (1510)

   ggh4_orig   ggh4_dest      total
        8815        8815         32

TABLE    : start_time (1515)

   ggh4_orig   ggh4_dest      total
        8508        8521         22
        8874        8813         12

TABLE    : start_time (1520)

   ggh4_orig   ggh4_dest      total
        4262        4361         20
        4310        4172         14
        5191        5195         56
        8250        8264         24

TABLE    : start_time (1530)

   ggh4_orig   ggh4_dest      total
        1142        4138         43
        1205        1258          4
        1479        1528         18
        1582        1124         18
        2121        2121         16
        4173        4199         43
        8288        8316         13
        8366        8368         15
        8883        8883         35
       99999        8367         35

TABLE    : start_time (1535)

   ggh4_orig   ggh4_dest      total
        8139        8131         39

TABLE    : start_time (1540)

   ggh4_orig   ggh4_dest      total
        3083        1581         17

TABLE    : start_time (1545)

   ggh4_orig   ggh4_dest      total
        1271        1378         27
        1375        1416        123
        1541        1593          9
        2141        2156         21
        3033        3014         11
        3338        3351          7
        4341        3009         19
        5183        5198         18
        5183        5199         17

TABLE    : start_time (1555)

   ggh4_orig   ggh4_dest      total
        8581        8556         18

TABLE    : start_time (1600)

   ggh4_orig   ggh4_dest      total
        1321        1347         17
        2186        2256         41
        3294        3199         26
        4177        4262         33
        4251        4234         20
        4341        4325          8
        6065        6098         37
        6123        6173         31
        6140        6112         48
        8407        8372         10
        8534        8223          6
        8895        8893          6

TABLE    : start_time (1615)

   ggh4_orig   ggh4_dest      total
        1378        1362         11
        1607        1473         16
        2196        2184         33
        4300        4234         55
        6110        5121        205

TABLE    : start_time (1620)

   ggh4_orig   ggh4_dest      total
        4030        4028         37
        8861        8847         23

TABLE    : start_time (1625)

   ggh4_orig   ggh4_dest      total
        6053        5115         39

TABLE    : start_time (1630)

   ggh4_orig   ggh4_dest      total
        1088        1109         10
        2258        2166         71
        4273        4207         43
        4298        4274         16
        5139        5161         23
        7043        7126         19
        7094        7046          5
        8147        8155         21
        8201        8285         32
        8293        8380         18
        8518        8525         14
        8601        5145         68
        8843        8885         14

TABLE    : start_time (1640)

   ggh4_orig   ggh4_dest      total
        3382        3395         39
        3426        3434         34
        5014        5023         26
        8108        8108         39

TABLE    : start_time (1645)

   ggh4_orig   ggh4_dest      total
        4040        4030         61
        4074        4038         12
        5042        5052         15
        8108        8141         10

TABLE    : start_time (1650)

   ggh4_orig   ggh4_dest      total
        3060        3105         27
        3214        3199         14
        7162        7167         31

TABLE    : start_time (1700)

   ggh4_orig   ggh4_dest      total
        1337        1364         14
        2303        2215         18
        4040        5072         14
        4058        4149         25
        4105        4219         33
        4155        4164         21
        4186        4147         11
        6149        6203         36
        6228        6224         39

TABLE    : start_time (1710)

   ggh4_orig   ggh4_dest      total
        1204        1183         89
        5186        5184         20

TABLE    : start_time (1715)

   ggh4_orig   ggh4_dest      total
        3462        3455         10
        8303        8378         13

TABLE    : start_time (1720)

   ggh4_orig   ggh4_dest      total
        2158        2082         32

TABLE    : start_time (1725)

   ggh4_orig   ggh4_dest      total
        7087        7068         17

TABLE    : start_time (1730)

   ggh4_orig   ggh4_dest      total
        1152        1124          7
        1269        1135         11
        1580        3129         22
        1581        3085         43
        2008        2018         11
        4074        1031         12
        4331        4215         82
        6172        5045         46

TABLE    : start_time (1735)

   ggh4_orig   ggh4_dest      total
        8156       17116         36

TABLE    : start_time (1740)

   ggh4_orig   ggh4_dest      total
        2152        2086         11

TABLE    : start_time (1745)

   ggh4_orig   ggh4_dest      total
        1341        1324         54
        1556        3433         18
        3055        1524         24
        4370        4370         21

TABLE    : start_time (1750)

   ggh4_orig   ggh4_dest      total
        3474        3470         29

TABLE    : start_time (1755)

   ggh4_orig   ggh4_dest      total
        7097        7104         37

TABLE    : start_time (1800)

   ggh4_orig   ggh4_dest      total
        1409        1364         20
        4171        4173         48
        4228        4244         58

TABLE    : start_time (1805)

   ggh4_orig   ggh4_dest      total
        4030        4069         32

TABLE    : start_time (1810)

   ggh4_orig   ggh4_dest      total
        5116        5106         29

TABLE    : start_time (1815)

   ggh4_orig   ggh4_dest      total
        6230        5022         26

TABLE    : start_time (1820)

   ggh4_orig   ggh4_dest      total
        3122        3109          9

TABLE    : start_time (1830)

   ggh4_orig   ggh4_dest      total
        1102        1130         16
        1251        3049         15
        4024        4002          8
        7162        7155         31
        8403        8359         41
        8916        8910         29

TABLE    : start_time (1832)

   ggh4_orig   ggh4_dest      total
        2186        2256         41

TABLE    : start_time (1835)

   ggh4_orig   ggh4_dest      total
        1335        1193          6
        4320        4304         14

TABLE    : start_time (1845)

   ggh4_orig   ggh4_dest      total
        6222        6224         44
        8310        8299         43

TABLE    : start_time (1900)

   ggh4_orig   ggh4_dest      total
        1232        1341         12
        4129        4144         29
        8123        8111         12
        8916        8906         31
        9148        9106          9

TABLE    : start_time (1930)

   ggh4_orig   ggh4_dest      total
        1451        1447         16

TABLE    : start_time (1935)

   ggh4_orig   ggh4_dest      total
        5183        5194         26

TABLE    : start_time (1945)

   ggh4_orig   ggh4_dest      total
        1521        1082         19

TABLE    : start_time (2000)

   ggh4_orig   ggh4_dest      total
        3214        1214         49

TABLE    : start_time (2045)

   ggh4_orig   ggh4_dest      total
        2005        1556         54

TABLE    : start_time (2100)

   ggh4_orig   ggh4_dest      total
        8153        8135         17
        8208        8155         33

TABLE    : start_time (2115)

   ggh4_orig   ggh4_dest      total
        4223        5060         24

TABLE    : start_time (2145)

   ggh4_orig   ggh4_dest      total
        1309        3114         17
        4043        4082         30
        8282        8374         11
        8391        8416          9

TABLE    : start_time (2150)

   ggh4_orig   ggh4_dest      total
        3362        3351         20
        8298        8569         35
        8867        8870          7

TABLE    : start_time (2200)

   ggh4_orig   ggh4_dest      total
        1462        3022         52
        1523        3115         66
        4029        4001         23

TABLE    : start_time (2210)

   ggh4_orig   ggh4_dest      total
        8209        8324         12

TABLE    : start_time (2230)

   ggh4_orig   ggh4_dest      total
        1210        1220         34
        1353        1323          4
        4330        4234         24
        8896        8894         24

TABLE    : start_time (2235)

   ggh4_orig   ggh4_dest      total
        3279        3168         26

TABLE    : start_time (2300)

   ggh4_orig   ggh4_dest      total
        1457        1562         36
        6211        6194         44
        8315        8422         18
        8887        8871         24

TABLE    : start_time (2320)

   ggh4_orig   ggh4_dest      total
        1569        1476         19

TABLE    : start_time (2330)

   ggh4_orig   ggh4_dest      total
        4323        3018         40

TABLE    : start_time (2600)

   ggh4_orig   ggh4_dest      total
        8889        8847         11

TABLE    : start_time (2610)

   ggh4_orig   ggh4_dest      total
        2228        1629         21

TABLE    : start_time (2700)

   ggh4_orig   ggh4_dest      total
        3233        3174         44
