Fri Nov 03 2023 22:04:22 GMT+0000 (Coordinated Universal Time) - Run Time: 2333ms

Cross Tabulation Query Form - Trip - 2016 v1.1

Row: GGHM V4 zone of origin - ggh4_orig
Column: GGHM V4 zone of destination - ggh4_dest
Table: Start time of trip - start_time


Filters:
Day of week trip data were collected - trip_day In 4, 
and
Trip purpose of destination - purp_dest In S, 
and
Primary travel mode of trip - mode_prime In S, 

Trip 2016
ROW : ggh4_orig
COLUMN : ggh4_dest

TABLE    : start_time (400)

   ggh4_orig   ggh4_dest      total
        7090        6069         23

TABLE    : start_time (600)

   ggh4_orig   ggh4_dest      total
        8587        8330         19

TABLE    : start_time (625)

   ggh4_orig   ggh4_dest      total
        4143        4293         24

TABLE    : start_time (630)

   ggh4_orig   ggh4_dest      total
        2233        2174         36
        8842        8840         29

TABLE    : start_time (635)

   ggh4_orig   ggh4_dest      total
        4053        4129         23
        7014        7037         24

TABLE    : start_time (640)

   ggh4_orig   ggh4_dest      total
        4009        4074         12

TABLE    : start_time (645)

   ggh4_orig   ggh4_dest      total
        3476        3416         35
        4033        5074          4
        4076        4077         47
        4210        1528         49
        4268        4181         15
        4312        4111         10
        7023        7033         15
        8851        8834         46

TABLE    : start_time (650)

   ggh4_orig   ggh4_dest      total
        4024        4128         24
        4135        4028         23
        4341        4245         12
        6171        6206         72
        8875        8869         76

TABLE    : start_time (655)

   ggh4_orig   ggh4_dest      total
        7024        7010         25

TABLE    : start_time (700)

   ggh4_orig   ggh4_dest      total
        1165        1193         28
        1203        4062         16
        1408        3153         22
        1437        4018         47
        2013        2037         21
        3050        5032         29
        3197        3071         41
        3225        3358         31
        3340        3369         14
        3343        3343         23
        3455        3202         16
        4019        4064         66
        4033        4074         19
        4044        4054         10
        4119        4127         35
        4122        4064         22
        4148        4124         34
        4155        4189         21
        4173        4189         34
        4174        4285         10
        4224        4228         30
        4228        4189         58
        4243        4189         26
        4244        1502         49
        4303        4338         19
        4310        4274         32
        4320        4278         19
        4330        4293         18
        4337        3339        101
        4337        8601         14
        4341        4189         14
        4341        4245         14
        5011        5045         48
        5038        5045         10
        5124        5093         24
        5143        5076         21
        6005        6031         47
        6009        6041         43
        6012        6032         62
        6079        6031        130
        6093        6096         55
        7004        7010         10
        7043        7157         19
        7133        7137         24
        7168        7010         25
        8288        8331         91
        8413        8353         92
        8702        4371         41
        8801        8815         34
        8818        8835          9
        9004        9012         24

TABLE    : start_time (705)

   ggh4_orig   ggh4_dest      total
        1153        1259         28
        2263        2192         12
        3259        3358         80
        4005        4074         14
        4016        4111         64
        4017        4002         24
        4210        4189          7
        4320        4272         14
        4330        4189          5
        4341        4186         12
        5156        5135         20
        7016        7010         39
        8817        8826         48
        8826        8834         34

TABLE    : start_time (710)

   ggh4_orig   ggh4_dest      total
        1041        1119         22
        2042        2094          9
        2194        2174         30
        2289        2174         10
        3179        3358         12
        3407        3265          6
        4007        6140          9
        4053        4074         13
        4097        4074         17
        4119        4127         77
        4298        4310         19
        5133        5093         69
        5170        5132         31
        6232        5024         37
        7073        7157         46
        7090        7073         39
        8239        8368          6
        8255        8252         13
        8292        8255         18
        8387        8309         46
        9008        9012         26
        9101        9135         26

TABLE    : start_time (712)

   ggh4_orig   ggh4_dest      total
        3179        3355         13

TABLE    : start_time (715)

   ggh4_orig   ggh4_dest      total
        1250        1564         64
        1333        1391         16
        2008        2055         24
        2063        2030         12
        2065        2198         15
        2153        2177         39
        2175        2098          4
        2281        2281         12
        2281        3202         36
        3019        3006         63
        3159        3071         20
        3173        3369         11
        3179        3358         12
        3196        1337         13
        3345        3317         25
        3355        3238         27
        3465        3416         23
        4010        4002         20
        4033        4011          4
        4084        4005         24
        4097        4111         16
        4148        4293         19
        4199        4328         13
        4200        4278         20
        4307        4338         15
        4311        4252         34
        4312        4328         10
        4341        4293         13
        4344        4363          8
        5022        5091         26
        5064        5045         12
        5130        5074         43
        5166        5142         24
        5169        5158         52
        5202        5194          6
        6235        6227         49
        7063        7087          6
        7168        7039         23
        8241        8309         30
        8312        8255         24
        8350        8293         16
        8387        8309         89
        8396        8392         12
        8420        8397         18
        8515        8421         22
        8801        8815         23
        8806        8815         32
        8819        8809         24
        8835        8830         17
        8837        8834         20
        8852        8834         13
        8875        8863         54
        8902        8898         19
        9005        9010         26
        9009        9131         28

TABLE    : start_time (720)

   ggh4_orig   ggh4_dest      total
        2001        2042        123
        2115        2055         26
        2223        2138         59
        3075        3006         25
        3106        3071         22
        3165        3071         25
        3167        3269         42
        3197        3358         14
        3224        3247         16
        3258        3358         34
        3261        3247          3
        3266        3247         18
        3397        3389         22
        4023        5093         37
        4043        4111          8
        4044        4021         31
        4051        4084         33
        4065        4127         19
        4067        4059         17
        4084        4111         61
        4096        4127         78
        4142        4252         14
        4151        4272         16
        4177        4286         74
        4214        4160         20
        4246        4272         14
        4265        4293         42
        4307        4328         61
        4307        4338          8
        5001        5024         11
        5055        5054         27
        5059        5036         39
        5107        5091         33
        5125        5076          4
        5129        5073         19
        5133        5093         11
        5143        5096         13
        5182        4010         36
        5193        4111         32
        5203        5194          7
        6061        6093         75
        6118        6090         42
        7004        7010         55
        7014        7016         10
        7030        7003         39
        7052        7083         13
        7090        7157         21
        7139        7159          5
        8268        8333         52
        8597        4338         13
        8709        4371         23
        8830        8835         72
        8831        8830         22
        8835        8831          7
        8875        8828        135
        9009        9131         28
        9130        9112          5
        9140        9131         10

TABLE    : start_time (722)

   ggh4_orig   ggh4_dest      total
        3404        3419         55

TABLE    : start_time (725)

   ggh4_orig   ggh4_dest      total
        1103        4038         16
        1326        3069         32
        2085        2121         10
        2089        2157         20
        2103        2055         15
        2299        2292         14
        3144        3071         60
        3187        3166         19
        3293        3302         19
        3304        3317        262
        3362        3249         52
        4023        4040         52
        4027        4094         11
        4041        4105         23
        4050        4105         36
        4105        4064         15
        4110        4124         51
        4134        4038         16
        4148        4124         87
        4155        4189         20
        4162        4189         23
        4211        4189         19
        4278        4274         19
        4299        4338          9
        4310        4189         13
        4312        4278         19
        4362        4374         25
        4366        4374         30
        6073        6068         96
        7024        7016          5
        7087        7039         24
        7156        7151         58
        7166        7155         30
        8268        8333         33
        8408        8390         33
        8859        8863         11
        8862        8863         44
        9005        9010         36

TABLE    : start_time (726)

   ggh4_orig   ggh4_dest      total
        8548        8421         19
        8862        8869         20

TABLE    : start_time (730)

   ggh4_orig   ggh4_dest      total
        1059        4038          9
        1101        4025          9
        1186        1251         41
        1255        1146         10
        1272        4018         37
        1331        1244         11
        1449        1347          9
        1529        1547         10
        2010        2041         14
        2013        1483         21
        2023        2036          9
        2055        2140         58
        2055        2198         58
        2060        2112          9
        2065        2098         15
        2085        3272          7
        2131        2198         37
        2134        2157         20
        2150        2202         20
        2158        2174         32
        2203        2201         30
        2227        2108         16
        2233        2169         25
        2264        2223         32
        2271        2192         82
        3096        3083         35
        3097        3006         17
        3108        3121         39
        3122        3108         18
        3126        3212         55
        3144        3071         68
        3150        1531         11
        3159        3202         12
        3165        3071         50
        3185        3195         13
        3185        3269         15
        3212        3126         15
        3224        3247         24
        3230        3285         22
        3242        3358          9
        3293        3247         19
        3298        3317         36
        3329        3358         44
        3334        3334         15
        3345        3202         29
        3362        3288         25
        3368        3389         11
        3387        3358         16
        3404        3419         20
        3414        3364         67
        3485        3483         14
        3489        3484         52
        3490        3484         21
        4010        4028         12
        4014        4002         40
        4017        4094          8
        4020        8288         17
        4027        4012         11
        4027        4064         38
        4037        4035         18
        4041        4069         20
        4043        4039          9
        4044        4111         19
        4078        4127          7
        4080        4094         47
        4081        4039         46
        4098        4039          6
        4119        4074         61
        4121        4061         23
        4148        4124         83
        4151        1142         43
        4155        4204         43
        4173        4160         15
        4177        4189         58
        4200        4204         47
        4221        4285         37
        4277        4228         54
        4298        4293          5
        4307        4338         52
        4310        4267         25
        4310        4310         25
        4320        4297         14
        4329        4310         18
        4333        4338         47
        4335        4285         16
        4341        4356         13
        4344        4338          8
        4363        4370         18
        4366        4374         30
        4367        4374         51
        4377        4370         11
        5006        5003         64
        5049        5074        148
        5076        5073         20
        5076        5074         15
        5084        5061         23
        5107        5093         10
        5112        5132         51
        5124        5124         12
        5132        4082         28
        5132        5107         28
        5150        5189         40
        5151        5135         24
        5158        5135         38
        5183        5190         31
        5183        5194         53
        5186        5194          5
        6023        6041         63
        6061        6093        100
        6070        6093         13
        6104        6059         29
        6228        2013         39
        6228        6177        116
        7008        7010          7
        7023        7045         57
        7032        7037         43
        7033        7037         17
        7046        7045         55
        7067        7083         55
        7069        7083         29
        7075        7083        105
        7084        7083         21
        7087        7099         15
        7087        7137         16
        7090        6069         37
        7090        7073         37
        7094        7099          5
        7106        7087         39
        7106        7099         32
        7126        7100         23
        7126        7157         27
        7133        7151         45
        7137        7151         29
        7154        7157         13
        8154        8121         38
        8156        8139         11
        8212        8421         47
        8237        8216         16
        8238        8264        104
        8239        8239         15
        8239        8319        179
        8255        8236        105
        8312        8293         98
        8331        8353         23
        8366        8392         14
        8368        8392         18
        8403        8392         41
        8405        8390         26
        8410        8390         42
        8536        8289         15
        8821        8830         17
        8831        8830         26
        8832        8830         29
        8858        8863        206
        8873        8865         78
        8874        8862         29
        8874        8865         39
        8890        8907         16
        8918        8916        114
        9106        9111         49

TABLE    : start_time (735)

   ggh4_orig   ggh4_dest      total
        1384        1426         11
        2006        2042         13
        2013        2198         28
        2014        2013         48
        2150        2138         33
        2150        2198         33
        2157        2141         24
        2271        2201         28
        2281        2292         16
        2282        2256          9
        3033        3006        117
        3141        1564         20
        3203        3161         46
        3285        3247         30
        4010        4011         16
        4016        4032         25
        4035        4064         28
        4094        4127         16
        4111        4124         22
        4142        4252         14
        4278        4273         19
        4307        4328         20
        4317        4310          8
        5049        5074         42
        5075        5076         97
        5107        5093         25
        5143        5132         13
        5158        5135         25
        7045        7045         18
        7060        7067         44
        8156        8139          8
        8268        8333         40
        8331        8353         43
        8368        8392         22
        8402        8392         89
        8405        8390         32
        8418        8427         44
        8501        8506         32
        8513        8528         26
        8829        8826         32
        8835        8830         33
        8837        8840         24
        8839        8840         84
        8846        8840         10
        9104        9107         24
        9145        9123         65

TABLE    : start_time (738)

   ggh4_orig   ggh4_dest      total
        8867        8869         10

TABLE    : start_time (740)

   ggh4_orig   ggh4_dest      total
        1487        1249         36
        1487        1367         27
        2009        2042         18
        2097        2141         17
        2130        2180         11
        2141        2143         13
        2149        2201         55
        2165        2166         42
        2181        2138         17
        2261        2192         39
        3128        3097         16
        3159        3071         49
        3212        3071         14
        3293        3302         25
        3309        3277         26
        3397        3389         22
        3426        3429         34
        3473        3473         19
        4018        4009          8
        4036        4032         23
        4040        4020         66
        4111        4124         38
        4122        4124         12
        4143        4189         24
        4279        4285         21
        4329        4181         28
        4329        4310         28
        4331        4341         41
        5020        5034         22
        5065        5076         11
        5125        5162         20
        5143        5132         41
        5150        5154         40
        6070        6093         40
        6073        6104        106
        6223        6177         20
        7037        7037         42
        7079        7087         14
        7084        7083         20
        7137        7151         22
        7139        7033         14
        8153        6179         45
        8246        8252         39
        8268        8353         40
        8340        8321         22
        8410        8390         26
        8873        8869         55
        9010        9012         81

TABLE    : start_time (741)

   ggh4_orig   ggh4_dest      total
        2019        2005         67

TABLE    : start_time (742)

   ggh4_orig   ggh4_dest      total
        4111        4121         11

TABLE    : start_time (745)

   ggh4_orig   ggh4_dest      total
        1273        1292         83
        1292        1418         30
        1331        1246         53
        1387        1129         16
        1423        1348         99
        1483        1251         36
        1603        1525         19
        1616        1525         33
        2092        2141         14
        2103        2055         30
        2111        2141         20
        2138        2177        109
        2174        2157         20
        2181        2177         27
        2186        2201         23
        2189        2256         68
        2255        2235         25
        2258        2256          6
        3244        3292         24
        3249        3229         24
        3318        3317         12
        3329        3023         36
        3366        3389         13
        3446        3429         19
        4005        4021         32
        4005        5059          7
        4023        4040         12
        4030        4023         22
        4042        4046         25
        4054        4060          8
        4067        4057         79
        4085        4064          7
        4091        4061         17
        4091        4097         16
        4122        4121         22
        4122        4124         23
        4123        4094         73
        4171        4181         28
        4173        4174         30
        4235        4177         98
        4277        4228         72
        4310        4310         23
        4367        4370          9
        5008        5003         27
        5040        6177         24
        5059        5054         29
        5107        5093         24
        5130        5095         17
        5143        5132         53
        5189        5194         60
        5189        5195         30
        5202        5192         20
        6045        6050         37
        6141        6059          8
        6179        6189         13
        6206        6067         22
        6222        6140         49
        6233        6214         32
        7033        7037         67
        7043        6069         39
        7069        7070         44
        7076        7083         45
        7084        7083         45
        7113        7145         22
        8103        8020          4
        8150        8139          6
        8156        8156         11
        8214        8309         45
        8245        8217         44
        8319        8353         25
        8331        8353         31
        8375        8397         51
        8403        8366         42
        8406        8397         89
        8833        8834         31
        8889        8893         51
        8889        8898         51
        9020        9010         35
        9135        9123         39
        9140        9111         45

TABLE    : start_time (746)

   ggh4_orig   ggh4_dest      total
        8828        8828          5

TABLE    : start_time (750)

   ggh4_orig   ggh4_dest      total
        1009        1006         22
        1015        4038         19
        1052        1063          4
        1112        1204          5
        1297        1481         74
        1369        1506          9
        1378        1378         28
        1625        1554         20
        2009        2004         11
        2036        2034         16
        2055        2013         19
        2150        2202         33
        2160        2196         20
        2186        2196        166
        2202        2295         23
        2224        2192          8
        2256        2256         47
        2299        2292         32
        3087        3060         25
        3097        3051         20
        3166        3190         11
        3258        3235         18
        3259        3264         14
        3321        3343         50
        3449        3429         17
        4033        4046          4
        4053        4069         24
        4054        4040         20
        4085        4060          7
        4122        4121         23
        4128        4142          9
        4143        4121         24
        4177        4160         17
        4200        4235         47
        4259        4276         15
        4269        4272         29
        4270        4280         29
        4279        4235         16
        4322        4285         21
        4331        4274         22
        4359        8706         10
        4362        4370         36
        4368        4370         99
        5124        5133          7
        5130        5095        170
        5195        2117         52
        5195        5192         43
        6032        6077         90
        6073        6138        119
        7076        7083         45
        8107        8125         29
        8130        8107         46
        8153        8121         28
        8155        8139         11
        8268        8303         22
        8344        8368         17
        8381        8368         33
        8408        8367         33
        8501        8506         46
        8533        8572         15
        8596        8579         21
        8828        8828         18
        8887        8885         38
        8892        8892         59
        8892        8898         59
        9105        9106         13
        9112        9111         70

TABLE    : start_time (755)

   ggh4_orig   ggh4_dest      total
        1055        4062         31
        1378        1378         16
        1500        1568         16
        1529        7065          7
        2019        2031         67
        2125        2198         38
        2143        2198         23
        2235        2097         94
        2265        2246         43
        3126        3144         30
        3221        3206         19
        3244        3282         25
        3268        3216         26
        3407        3404         17
        3416        3404         17
        4037        4035          7
        4117        4285         41
        4210        4181         74
        5059        5054         14
        5130        5095         85
        5158        5189         21
        8701        8701          4
        9009        9008         28
        9012        9010         42
        9102        9101         15
        9140        9140         45

TABLE    : start_time (800)

   ggh4_orig   ggh4_dest      total
        1035        1103         24
        1062        1156         28
        1097        1070         46
        1216        1222         64
        1238        1239         26
        1264        1257         23
        1291        1270         21
        1302        1341         14
        1312        1509         17
        1314        1564         33
        1370        1352         58
        1371        1337          5
        1393        1393         69
        1433        1398         38
        1459        1286         17
        1475        1523         27
        1495        1581         10
        1529        1499         11
        1549        1571         18
        1565        1594         25
        1571        3023         34
        1587        1582         14
        1605        1525         21
        1615        1553         45
        1625        1582         30
        2009        2004         19
        2070        2124         14
        2175        2198         31
        2198        2124         39
        2235        2097         34
        2235        2198         26
        2241        2198         32
        2258        2222         71
        2304        2292         43
        3034        3051         38
        3069        3076         29
        3097        3051         60
        3120        3161         29
        3144        3159         33
        3147        3355         28
        3148        4030         21
        3171        3160         56
        3193        3245         15
        3224        3255         20
        3242        3377         44
        3254        3299         21
        3272        3187         14
        3277        3282         18
        3280        3220         23
        3295        3265         21
        3298        3023         27
        3303        3303         20
        3307        3265         11
        3338        2094          7
        3345        3317         16
        3353        3295         30
        3366        3373         34
        3393        3351         41
        3397        3369         21
        3404        3404         54
        3416        3404         24
        3426        3446         34
        3443        3429         58
        3449        3446         17
        3455        3455         52
        3460        3438          5
        3472        3470         12
        3474        3427         29
        3487        3489         11
        3488        3466         64
        4002        4005         55
        4024        4035          4
        4038        4129         40
        4041        4035         27
        4041        4037         17
        4051        4164         20
        4053        4061         24
        4058        4046         20
        4058        4245         40
        4067        4038         14
        4070        4040         27
        4084        4128         23
        4087        4124         16
        4098        4094         24
        4101        4069          5
        4104        4058         13
        4110        4124         24
        4111        3023         23
        4122        4121         24
        4128        4142         15
        4133        4121         25
        4143        4135         28
        4173        4186         16
        4214        4191         17
        4247        1565         99
        4259        1252         18
        4266        4235         39
        4269        4228         54
        4280        4278         32
        4295        4328         29
        4298        4274         27
        4298        4310         20
        4303        4307         19
        4307        4289         43
        4311        4285         18
        4311        4320        242
        4313        4285         41
        4322        4295         22
        4362        4370         36
        5001        5010         11
        5025        6140         78
        5038        5024         26
        5038        6069         52
        5051        5054         21
        5054        5051         46
        5054        5107         33
        5059        5054         19
        5076        5069         12
        5080        1270         81
        5084        5084         17
        5085        5068          4
        5142        5158        136
        5143        5143         13
        5143        5162         25
        5159        5139         38
        5182        5195         16
        5183        5195         31
        5188        5194         16
        5200        8601         67
        6019        6019         20
        6046        6050         48
        6073        6140         72
        6121        6060        110
        6164        6198         58
        6193        6208         75
        6202        8137         46
        6230        6224         23
        7009        7004          4
        7030        7003         39
        7045        7045         17
        7079        7087         19
        7111        7083         35
        7111        7122         37
        7126        7126          8
        7127        7106         19
        7162        7159          8
        8105        8137          9
        8106        8145         18
        8119        8121         44
        8221        8215          6
        8230        8210         17
        8238        8243         26
        8247        8243         14
        8249        8282         39
        8255        8262         15
        8258        8252         27
        8262        8252          5
        8278        8282         13
        8281        8271         29
        8331        8368         24
        8338        8340         33
        8348        8379         17
        8353        8367         13
        8381        8381         29
        8400        8390         31
        8405        8360         32
        8417        8417         30
        8419        8298         33
        8424        8424         44
        8424        8427         44
        8501        8528         46
        8502        8506         53
        8522        8572         54
        8529        8528         17
        8533        8541         35
        8541        8577         15
        8568        8421         21
        8587        8572         22
        8596        8576         12
        8597        8601         72
        8600        8600         89
        8600        8601         44
        8604        8600         28
        8604        8601         28
        8701        8596         16
        8701        8701          4
        8702        8701         45
        8712        8712         79
        8801        8807         34
        8803        8813         59
        8815        8815         51
        8832        8835         21
        8851        8837         17
        8900        8890          8
        8909        8908          8
        9114        9111         10
        9115        9111        144
        9125        9123         20
        9127        9123        134
       17806        8156         23

TABLE    : start_time (805)

   ggh4_orig   ggh4_dest      total
        1292        1331         36
        1370        1352         17
        1421        1488         16
        1528        1493         19
        1587        1529         18
        1593        1564         29
        3179        3195         12
        3285        3226         27
        3309        3226         10
        3397        3372         11
        4014        4009         14
        4018        4009         34
        4024        4035          8
        4056        4057         14
        4058        4046         13
        4061        4069         22
        4101        4069          5
        4148        4164         87
        4272        4251         11
        4325        4363         36
        4326        4285         15
        5059        5054         19
        5143        5132         15
        5170        5139         31
        6052        6031         22
        6103        6059          6
        6103        6068          6
        7077        7083         15
        7118        7107          8
        7157        7154         36
        8104        8104         28
        8104        8156         28
        8107        8147         30
        8108        8125         78
        8110        8139          9
        8152        8121         22
        8211        8210         51
        8247        8243         14
        8381        8366         42
        8550        8421         33
        8592        8572         19
        8596        8594         14
        8816        8815         23
        8843        8885         27
        8865        8865         36
        8886        8885         44
        8904        8911         17
        8909        8908          7
        9021        9010         35
        9120        9111         32
        9144        9131         52

TABLE    : start_time (810)

   ggh4_orig   ggh4_dest      total
        1021        1045          8
        1222        1108         41
        1302        1275          7
        1494        1494         54
        1535        1564         34
        1602        1602         34
        2097        2097         30
        2104        2198         23
        2241        2235         42
        3044        3058         67
        3087        3051         21
        3128        3147         15
        3160        3207          7
        3214        3238         22
        3334        3303         19
        3400        3351         43
        4028        4035          9
        4041        4035         34
        4041        4093         47
        4166        4186         12
        4299        4328          6
        5059        5034         39
        5065        8806         28
        5175        5189         57
        5183        5195         26
        5185        5195         14
        6046        6074         25
        6051        6134         84
        6061        6088         69
        6121        6074        110
        6193        6177         75
        7043        7041         19
        7081        7107         29
        7094        7100         74
        8104        8107         90
        8119        8121         46
        8119        8130         46
        8156        8156          6
        8235        8210         36
        8357        8368         23
        8360        8281         10
        8364        8281         17
        8366        8381         34
        8701        8702         16
        8705        8709         53
        8835        8862         16
        8862        8874         22
        8886        8885         38
        8890        8890         17
        8893        8898         44
        8916        8907         49
        9145        9145         33

TABLE    : start_time (815)

   ggh4_orig   ggh4_dest      total
        1222        1251         39
        1272        1246         37
        1302        1341         14
        1325        1325         16
        1485        1467         42
        1523        1484         66
        1537        1475         13
        1575        1587         21
        2009        2004         18
        2009        2013         18
        2078        2013         34
        2085        2063         10
        2089        2181         53
        2130        2008         11
        2143        2198         23
        2235        2157         26
        2295        2295         16
        2302        2295         34
        3065        3044         23
        3087        3051         16
        3097        3097         26
        3230        3229         20
        3298        3369         20
        3341        3372         19
        3361        3391         23
        3466        3474         12
        3474        3466         21
        3488        3466         41
        4010        4016         20
        4024        4035          8
        4033        4042          4
        4099        2157         13
        4200        4235         20
        4259        4272          4
        4278        4280         36
        4326        4341         52
        4329        4287         18
        4333        4341         26
        4341        4235         10
        5029        5034         72
        5043        5038         15
        5125        5139         19
        5183        5195         18
        7076        7077         45
        7079        7087         14
        7109        7155         14
        7126        7145         12
        7157        7154         25
        7157        7157         15
        8102        8104         23
        8131        8130         19
        8151        8153         26
        8153        8139         20
        8213        8235         40
        8271        8264         16
        8347        8281         24
        8513        8508         22
        8513        8572         13
        8520        8508         21
        8596        8596         30
        8604        8601         42
        8802        8806         44
        8812        8805          7
        8813        8815         30
        8820        8829         21
        8828        8862         35
        8840        8866         13
        8901        8901          8
        8916        8907         29
        9009        9008         28
        9140        9140         45

TABLE    : start_time (818)

   ggh4_orig   ggh4_dest      total
        1097        1081         25

TABLE    : start_time (820)

   ggh4_orig   ggh4_dest      total
        1031        1089         34
        1325        1331         12
        1346        1239          8
        1433        1484         18
        2005        2013         36
        2036        2013         16
        2063        2021         31
        2067        1246         14
        2085        2063          9
        2085        2085         10
        2182        2175         58
        2198        2097         23
        2311        2310         45
        3196        3211         13
        3258        3258         11
        3402        3399         10
        3462        3427         21
        3487        3488         15
        3490        3488         15
        4027        4016          7
        4057        4038         18
        4143        4135         23
        4186        4328         23
        4246        4246         33
        4268        4279         20
        4290        3097         14
        4332        4235         22
        4341        4363         14
        4370        4367         35
        5049        5053         16
        5076        5069         16
        5117        5133         19
        5183        5183         15
        5183        5195         15
        6220        6220        142
        7053        7053         15
        7154        7145         34
        8243        8281         31
        8268        8281         38
        8300        8315         38
        8319        8368         31
        8340        8281         40
        8366        8366         33
        8376        8364          7
        8391        8405         51
        8520        8528         14
        8527        8541         28
        8594        8594         26
        8814        8810         17
        8871        8885         18
        9008        9008         25
        9140        9140         10
        9148        9135         35

TABLE    : start_time (821)

   ggh4_orig   ggh4_dest      total
        5088        5095         37

TABLE    : start_time (824)

   ggh4_orig   ggh4_dest      total
        4370        4367         21

TABLE    : start_time (825)

   ggh4_orig   ggh4_dest      total
        1330        1222         22
        2004        2013         27
        2018        2037         26
        2097        2065         17
        2174        5059          9
        2303        2295          9
        3145        3094         19
        3214        3220          4
        3455        3427         23
        3487        3488         15
        4119        4032         11
        5059        5010         25
        5116        5102         40
        5183        5195         52
        8104       16359         43
        8513        8528          9
        8824        8828         67
        8852        8840         13
        8900        8900         64
        9124        9130         55

TABLE    : start_time (830)

   ggh4_orig   ggh4_dest      total
        1092        1146         16
        1165        1150         28
        1348        1411         28
        1461        1447         30
        1467        1426         17
        1479        1457         29
        1562        1572         18
        1614        1594         21
        2093        2138          6
        2094        2063         27
        2233        2169         15
        2258        2273          6
        2265        2189         25
        2289        2295         10
        2303        2295         18
        3087        3087         21
        3128        3147          7
        3135        3135         24
        3153        3094         32
        3223        3221         12
        3259        3362         40
        3277        3247          7
        3298        3298         20
        3307        3303         43
        3334        3342         21
        3362        3367         52
        3387        3362         16
        3417        3422         24
        3447        3427         34
        3455        3427         32
        3462        3427         10
        3463        3466         70
        4058        4042         25
        4058        4046         40
        4061        4066         18
        4066        4102         12
        4122        4124         26
        4174        4132         10
        4210        4235         99
        4214        4191          8
        4214        4246         18
        4257        1277        120
        4280        4344         14
        4300        4287         34
        4314        4335         60
        4364        4367         44
        5046        5040         19
        5051        5059         21
        5059        5050         39
        5069        5084         21
        5084        5084          8
        5107        5107         20
        5143        5142         11
        5169        5158         52
        5183        5195         50
        6031        8855         28
        6086        6081         32
        7010        7010         26
        7075        7069         63
        7107        7126          8
        7116        7116         24
        7137        7130         59
        7145        7145         75
        7154        7154         34
        7168        7037         10
        8210        8210         13
        8230        8209         17
        8253        8347         19
        8255        8262         15
        8268        8281         28
        8325        8382          8
        8376        8364          9
        8515        8528         10
        8520        8508         26
        8594        8596        112
        8802        8811         30
        8805        8807          7
        8814        3292         17
        8823        8826         31
        8826        8820         28
        8826        8829         31
        8828        8828         18
        8835        8830         13
        8893        8898         25
        8899        8905         29
        8901        8901          4
        8914        8914         27
       17806       17813         23

TABLE    : start_time (835)

   ggh4_orig   ggh4_dest      total
        1496        1506         34
        2094        2063         23
        3254        3299         31
        3318        3330         15
        4107        4117         61
        4335        4335          8
        5064        5068         40
        6118        6093         21
        6165        8539         89
        7016        7016         39
        7079        7048         18
        8889        8880         51

TABLE    : start_time (840)

   ggh4_orig   ggh4_dest      total
        2175        2131         44
        2196        2149         26
        3085        3055         28
        3110        3226         30
        3221        3207         52
        3318        3330         15
        3335        3345         45
        3487        3488         52
        4014        4029         14
        4110        4101         19
        4196        4200         39
        4228        4186         19
        4277        4289         36
        4311        4300         16
        4335        4335         12
        5028        5025         12
        5125        5125         16
        5143        5148         21
        6073        6094         73
        8427        8427         18
        8842        8842         25
        8873        8869         55
        8901        8901         48
        9022        9022         22

TABLE    : start_time (845)

   ggh4_orig   ggh4_dest      total
        1092        1146         34
        1219        1151        100
        1565        1553          5
        2031        2031         10
        3085        3044         51
        3118        3028         12
        3415        3406          6
        3455        3427         12
        3485        3488         25
        4003        4011          9
        4017        5024         28
        4054        4060         27
        4173        4132         15
        4214        4214         20
        4243        4214         26
        4319        4338         15
        4326        4335         34
        4335        4335          7
        4359        4358         10
        4367        4367         12
        5088        5095         12
        5111        5092         29
        5124        5124         39
        6061        6088         50
        6146        6108         17
        6232        6229         51
        7016        7016         55
        7037        7037         43
        7106        7130         28
        7133        7099         33
        8156        8156         14
        8201        8201         13
        8213        8245         30
        8304        8332         13
        8308        8368         31
        8417        8428         33
        8811        8811         30
        8835        8835         16
        8837        8839         18
        8842        8834         27
        8881        8879        114

TABLE    : start_time (850)

   ggh4_orig   ggh4_dest      total
        2224        2246          8
        3134        3187         23
        3364        3351          7
        4013        4021         19
        4070        8137          5
        4071        4054         21
        4214        4214         21
        4277        4263         13
        4299        4344          9
        4307        4289         24
        5124        5124         19
        5182        5186         16
        7133        7130         38
        8206        8201          6
        8701        7033         16
        8826        3467         21
        9004        9004         24

TABLE    : start_time (855)

   ggh4_orig   ggh4_dest      total
        2194        2294         12
        5084        5084         10
        7100        7099         26
        8422        8422         43
        8815        8813         14
        8880        8880         37

TABLE    : start_time (900)

   ggh4_orig   ggh4_dest      total
        1252        1510         26
        1431        1431         36
        1443        1415         48
        1443        1423         48
        1443        1443         48
        1494        3171         54
        1603        1575         17
        3179        3144          6
        3211        3187         28
        3249        3243         14
        3334        3296         42
        4162        4177         20
        5107        5094         23
        5125        5125         13
        5143        5132         14
        6032        6032         34
        7100        7099          8
        8393        8391         13
        8911        8911         48

TABLE    : start_time (905)

   ggh4_orig   ggh4_dest      total
        4373        4358         13
        5093        5092         36

TABLE    : start_time (915)

   ggh4_orig   ggh4_dest      total
        5148        5148         17
        7145        7145         44

TABLE    : start_time (935)

   ggh4_orig   ggh4_dest      total
        4012        4028         14

TABLE    : start_time (940)

   ggh4_orig   ggh4_dest      total
        3343        3296         28

TABLE    : start_time (1000)

   ggh4_orig   ggh4_dest      total
        5183        5183         33
        9148        4074          9

TABLE    : start_time (1055)

   ggh4_orig   ggh4_dest      total
        1152        4025          7

TABLE    : start_time (1130)

   ggh4_orig   ggh4_dest      total
        2085        2215         26

TABLE    : start_time (1200)

   ggh4_orig   ggh4_dest      total
        4079        1108         15

TABLE    : start_time (1430)

   ggh4_orig   ggh4_dest      total
        2121        2042         14
       16282        8806         24

TABLE    : start_time (1530)

   ggh4_orig   ggh4_dest      total
        8400        8379         30

TABLE    : start_time (1700)

   ggh4_orig   ggh4_dest      total
        1302        1320         26

TABLE    : start_time (1900)

   ggh4_orig   ggh4_dest      total
        8147        8137         28
