Fri Nov 03 2023 22:04:06 GMT+0000 (Coordinated Universal Time) - Run Time: 3400ms

Cross Tabulation Query Form - Trip - 2016 v1.1

Row: GGHM V4 zone of origin - ggh4_orig
Column: GGHM V4 zone of destination - ggh4_dest
Table: Start time of trip - start_time


Filters:
Day of week trip data were collected - trip_day In 4, 
and
Trip purpose of destination - purp_dest In S, 
and
Primary travel mode of trip - mode_prime In P, 

Trip 2016
ROW : ggh4_orig
COLUMN : ggh4_dest

TABLE    : start_time (545)

   ggh4_orig   ggh4_dest      total
        1511        1565          9
        4052        3023         36

TABLE    : start_time (600)

   ggh4_orig   ggh4_dest      total
        4020        8380         42
        5076        1003         20

TABLE    : start_time (605)

   ggh4_orig   ggh4_dest      total
        5075        5075         33

TABLE    : start_time (610)

   ggh4_orig   ggh4_dest      total
        3177        1114         89
        4101        4110         21

TABLE    : start_time (615)

   ggh4_orig   ggh4_dest      total
        3276        3255         45
        4173        1125          7

TABLE    : start_time (620)

   ggh4_orig   ggh4_dest      total
        2085        1500         10
        4110        4074         21
        4293        4038         36
        5158        5162         17

TABLE    : start_time (630)

   ggh4_orig   ggh4_dest      total
        1270        1317         33
        1311        1576         15
        1449        1347          9
        1626        1543         36
        2014        3094         19
        2070        2082          9
        2204        2076         22
        2318        2215         21
        3479        1617         17
        3488        3209         29
        4052        1376         34
        4171        1510         20
        4228        4181         44
        5091        6140         33
        6086        6140         52
        7067        7155         90
        8594        8596         33
        8809        1510         24

TABLE    : start_time (640)

   ggh4_orig   ggh4_dest      total
        1426        1333         16
        6110        6110         32

TABLE    : start_time (645)

   ggh4_orig   ggh4_dest      total
        2315        3355         20
        3224        3255         26
        3237        3166         10
        4163        4124        108
        5008        5101         50
        6007        5084         42

TABLE    : start_time (650)

   ggh4_orig   ggh4_dest      total
        1202        1321         11
        3187        1554          9
        3207        1554         41
        7073        7073         60

TABLE    : start_time (655)

   ggh4_orig   ggh4_dest      total
        4074        4074         12
        4199        4285         21

TABLE    : start_time (700)

   ggh4_orig   ggh4_dest      total
        1117        1128          4
        1259        3184         11
        1264        1271         39
        1286        1204         13
        1331        1406         27
        1411        3020         31
        1411        3355         31
        1460        1510         37
        1574        1114         21
        2008        1253         35
        2150        2215         26
        2196        2196         70
        2204        2169         18
        3034        3130         14
        3050        5032         29
        3144        1376         21
        3186        3247         34
        3249        3249         19
        3309        1586         26
        3403        3398         12
        3415        3398         23
        3465        3403         23
        3469        1142         19
        3470        3369         17
        3473        3474         19
        4023        4025         29
        4024        6232         25
        4091        8224         15
        4226        1510         86
        4249        4297         14
        4259        4285          7
        4307        4025         19
        4311        1222          9
        4366        1177         24
        5124        5158         26
        6031        6120         15
        6094        6059         74
        8245        8236         18
        8387        8253         20
        8515        8528         22
        8576        8536         32
        8826        8872         48
        9019        9022         25

TABLE    : start_time (705)

   ggh4_orig   ggh4_dest      total
        2050        2169         37
        3135        3135         20
        4017        6031         46

TABLE    : start_time (710)

   ggh4_orig   ggh4_dest      total
        1215        3094         37
        1302        1467         18
        1443        1517          8
        1556        1340         30
        3126        1586         16
        3160        1152          5
        3235        3269          6
        3259        3249         12
        4024        4059         25
        4285        1376         17
        7091        7082         15
        7159        7155         16

TABLE    : start_time (715)

   ggh4_orig   ggh4_dest      total
        1055        1126         49
        1182        1194          7
        1211        1189         23
        1248        1402         29
        1480        1337         11
        1481        1455         54
        1534        1593         10
        1558        1491         34
        1626        1615         36
        2138        2138         55
        2227        2215         23
        3067        3283         13
        3069        1429         34
        3085        1481         22
        3170        1172         21
        3187        3071         30
        3189        1491         10
        3207        3255         35
        3242        3288          9
        3273        3281         25
        3293        1341         15
        3330        3094         14
        3443        3446         58
        4020        4074         46
        4076        4094         18
        4080        4074         18
        4121        4121         20
        4174        4111         11
        4298        4328         13
        5050        6093         46
        5113        6140         29
        5186        5189         20
        8805        8809         10
        8814        3373         56
        8851        8834         17

TABLE    : start_time (720)

   ggh4_orig   ggh4_dest      total
        1072        1189          9
        1458        1467          9
        1467        1233         62
        1529        1620          7
        2020        1525         34
        3097        1585         28
        3190        3295         17
        3287        3269         15
        3386        3382         17
        3408        3398         31
        4023        4023         16
        4030        4043         16
        4038        4017         18
        4089        4099         11
        4155        4164         16
        4187        4173         43
        4226        4245         47
        4280        4266         14
        5058        5058         37
        6137        6031         44
        8382        8390         17
        8835        8835         16

TABLE    : start_time (725)

   ggh4_orig   ggh4_dest      total
        1597        1510         14
        3293        4098         16
        4138        4293         38
        4200        4293         19
        4307        4173         24
        6061        6093         19
        7166        7151         30
        8832        8835         24
        8897        8898         22

TABLE    : start_time (730)

   ggh4_orig   ggh4_dest      total
        1054        4011         11
        1071        1271         40
        1103        3144         50
        1173        1233         13
        1196        1491         16
        1282        1126         24
        1313        1226         34
        1317        1343         13
        1326        1406         24
        1338        1205         52
        1341        1467         23
        1351        1473         20
        1352        1003         22
        1397        1473         24
        1420        1233         24
        1426        1376         31
        1449        1402          8
        1460        1259          9
        1480        1508          7
        1518        1491         13
        1553        1565         15
        1570        1490         24
        1603        2037         14
        2115        1604         15
        2115        2175         35
        2115        2198         35
        2138        2138         13
        2156        2156         10
        2165        2201         42
        2174        2215         17
        2198        2187        134
        2206        2227         42
        2227        2227         28
        2292        3356         45
        2294        2292         41
        3019        3080         25
        3060        1510         37
        3069        1474         21
        3069        1555         54
        3097        3080         42
        3117        1336         13
        3130        3121         18
        3130        3135         38
        3187        3257         13
        3189        1510         50
        3207        3285         91
        3211        3071         43
        3212        1003         20
        3217        3269         19
        3249        3255         12
        3273        1620         79
        3287        3269         20
        3290        3295         27
        3387        3389          6
        3391        3358         25
        3404        3416         37
        3407        3247          7
        3416        3398         29
        4014        4094          8
        4041        4028         27
        4084        4074         14
        4087        1510        110
        4096        4031         33
        4098        4114         90
        4102        4094         29
        4120        4013         18
        4125        4129         11
        4129        4105         38
        4143        4147         39
        4160        4173         14
        4162        4124         23
        4164        4189         16
        4177        4189         38
        4245        4204         68
        4257        4032         20
        4259        4297          6
        4265        4297         16
        4279        4189         16
        4280        4266         40
        4280        4280         28
        4280        4328         10
        4290        4266         43
        4298        4013         16
        4298        6200         11
        5012        5003         25
        5024        5024         37
        5075        5095         50
        5080        5061         12
        5107        5074         13
        5125        4084         16
        6041        6032         23
        6073        6059         75
        6085        6059         35
        6086        6140         32
        6162        5003         38
        7093        7083         14
        7094        7109          5
        7162        7155         21
        8255        8252         12
        8258        8255         51
        8268        8244         40
        8292        8253         13
        8299        8345         23
        8330        8380         66
        8368        8392         18
        8533        8541         35
        8597        5194         72
        8811        8806         55
        8828        8828         13
        8835        8830         19
        8842        8834         10
        8890        8865         19
        8902        8898         51
        9022        9022         22

TABLE    : start_time (735)

   ggh4_orig   ggh4_dest      total
        1173        1468         21
        1369        1428          5
        1597        1278          6
        2134        2181         24
        2223        2215         25
        3155        1468         20
        3179        1558         15
        3287        3166         13
        3416        3416         14
        3429        3358         38
        4015        4111         13
        4043        4129         81
        4060        4039         18
        4138        1114          9
        4173        4174         34
        4210        4293         18
        4254        1572        204
        4278        4328         23
        4280        4338         16
        4311        4310         39
        4317        4310         31
        5095        5074         12
        5111        5093         29
        5191        5194         56
        6224        5036         51
        7087        7087         13
        8268        8288         17
        8834        8840         23
        8846        8840         27
        8897        8898         22

TABLE    : start_time (740)

   ggh4_orig   ggh4_dest      total
        1162        1206         17
        1223        1143         27
        1230        1171         13
        1240        1114         36
        1343        1468         13
        1553        1528         52
        1605        1556          9
        2149        2192         32
        2175        2198         42
        2227        2215         28
        2268        3351         16
        3179        3126          4
        3219        3285         23
        3247        3386         13
        3281        3247         19
        3282        3247         13
        3307        3121         22
        3307        3283         22
        3308        3155         15
        3402        3398         17
        3407        3358         17
        4005        4032         17
        4023        4074         29
        4053        4088         32
        4073        4074         13
        4081        4102         49
        4099        4105         30
        4104        4127         11
        4107        4114         56
        4196        4173         30
        4214        4181         17
        4221        4204         45
        4245        4102         47
        4311        4328         20
        5096        5132         23
        6041        6031         22
        7023        7037         15
        7062        7067          8
        7159        7131         14
        8331        8311         20
        8368        8329         17
        8381        8330         48
        8425        8392         26
        8805        3144         47
        8814        8809         11
        8832        8830         43
        8837        8834         32
        8840        8840         20
        8859        8863         22
        8888        8898         84
        8893        8898        118
        9012        9012         25

TABLE    : start_time (745)

   ggh4_orig   ggh4_dest      total
        1022        1126         16
        1151        1233         21
        1201        1212         17
        1202        1109         26
        1337        1242         25
        1343        1317         32
        1358        1172         16
        1358        1402         16
        1382        1447         12
        1393        1353         13
        1393        1370         25
        1413        1620         17
        1426        1468         16
        1436        1402         11
        1436        1467         11
        1493        1468         37
        1529        1562         14
        1603        1562         13
        1604        1447        115
        1616        1371         18
        1631        3206         25
        2005        2031         32
        2045        2094         29
        2081        2094         16
        2121        2094         18
        2138        2138         20
        2152        2174         25
        2156        2198         17
        2158        2158         21
        2188        2192         18
        2194        2138         35
        2227        2227         24
        2284        3339         18
        2292        2292         23
        3055        3071         10
        3069        1367         54
        3097        3130         22
        3101        3166         22
        3130        3135        143
        3150        3206         11
        3159        3212         19
        3197        3212         41
        3201        3285         14
        3203        3249         18
        3220        3155         35
        3235        3083         19
        3242        3208         40
        3249        3247         26
        3253        3292         26
        3256        3269         98
        3257        3257         24
        3259        3288         35
        3268        3247          7
        3269        3202         20
        3282        3121         23
        3303        3269         61
        3330        3279         14
        3331        3355         19
        3334        3358         21
        3392        3369         20
        3403        3389         56
        3404        3416         20
        4018        4002         20
        4052        4052         14
        4094        4127         22
        4099        4105         24
        4104        4102         33
        4104        4127         49
        4107        4114         27
        4117        4105         47
        4123        4074         18
        4123        4127         16
        4133        4124         35
        4160        4189         15
        4162        4173         16
        4166        4189         12
        4173        4173         17
        4196        4173         22
        4200        4171         10
        4200        4173         10
        4245        4231         31
        4246        4189         14
        4251        4297         35
        4272        4272         38
        4274        4285         45
        4310        4287         25
        4317        4285         13
        4370        4374         31
        5053        5045         32
        5076        5075         12
        5107        5095         14
        5108        5074         96
        5143        5132         29
        5143        5142         15
        5143        5158         15
        6005        6031         61
        6068        6094         36
        6143        6140         48
        6222        6227         87
        7021        7029         56
        7021        7037        112
        7083        7083         33
        7100        7137        106
        7107        7126         16
        7127        7155         41
        7157        7154         12
        7162        7155         14
        7162        7159         59
        8151        8125          9
        8212        8213         51
        8213        8213         21
        8221        8236        145
        8237        8236          6
        8290        8319         31
        8292        8255         35
        8312        8293         33
        8322        8333         17
        8331        8392         63
        8402        8392         26
        8406        8333         33
        8417        8397         29
        8701        8702          4
        8807        8809         20
        8814        3416         24
        8815        8815        106
        8835        8830         47
        8849        8831         14
        8858        8863        103
        8858        8865         25
        9024        9022        148
        9102        9107         30

TABLE    : start_time (747)

   ggh4_orig   ggh4_dest      total
        8300        8216         38

TABLE    : start_time (748)

   ggh4_orig   ggh4_dest      total
        4121        4121         11

TABLE    : start_time (750)

   ggh4_orig   ggh4_dest      total
        1015        1022          4
        1061        1233         19
        1201        1204         47
        1202        1242         33
        1270        1333         16
        1302        1568         18
        1303        1336         97
        1343        1278         44
        1358        1336        135
        1409        1447         25
        1456        1243         10
        1538        1152         20
        1603        1371         24
        2074        2063         35
        2090        2169         20
        2196        2201         26
        3028        3006         30
        3065        3208         22
        3067        3080         34
        3153        3116         63
        3170        1576         15
        3173        3173         17
        3179        3116          6
        3179        3179         12
        3207        1468         14
        3235        3083         13
        3257        3257         59
        3293        3208          5
        3293        3285         19
        3295        3155         32
        3299        3302         15
        3373        3369         10
        3472        3470         15
        4010        4012         16
        4011        4074         18
        4015        4035         67
        4021        4018          3
        4024        4035         21
        4030        4023         63
        4035        4028          8
        4039        4088         31
        4040        4129         66
        4049        4129         27
        4067        4105         24
        4073        4074         14
        4080        4097          9
        4080        4105         29
        4081        4074         29
        4091        4084         13
        4091        4097         12
        4091        4105         13
        4096        4105         68
        4099        4105         10
        4121        4121         22
        4123        4102         34
        4135        4121         50
        4135        4124         37
        4141        4114         18
        4143        4124         41
        4228        4266         13
        4258        4228         80
        4285        4297         45
        4298        4310          9
        4307        4328         21
        4311        4328         16
        5004        5003         25
        5019        5016         28
        5045        5036         45
        5069        5075         18
        5083        5075         19
        5084        5093         11
        5116        5095         29
        5125        5132         38
        5133        5132         29
        5133        5135         25
        5143        5133         17
        6085        6133         32
        6204        6083         27
        7095        7099         34
        7116        7155         71
        7141        7155         32
        7156        7109         25
        8201        8213         14
        8221        8217         27
        8253        8392         19
        8268        8288         31
        8268        8302         38
        8319        8357         18
        8336        8353         52
        8338        8364         47
        8368        8331          8
        8376        8364          6
        8400        8392         30
        8410        8392         31
        8587        8520         26
        8826        8826         21
        8830        8830         21
        8837        8834         20
        8917        8908         41

TABLE    : start_time (755)

   ggh4_orig   ggh4_dest      total
        1009        1003         11
        1024        1146         21
        1388        1374         49
        1483        1517         46
        1523        1529          9
        1528        1623         52
        1584        1620         30
        2004        2004         21
        2013        2004         21
        2013        2013         16
        2085        2042         10
        2175        2175         42
        2175        2198         42
        3080        3097         34
        3150        3249         15
        3212        3083         25
        3223        3120         18
        3224        3268         16
        3269        3269         17
        3272        3265         22
        3307        3292         21
        4016        4012         46
        4033        4046         15
        4044        4060         12
        4058        4056         58
        4084        4061         24
        4084        4066         17
        4091        4032         14
        4171        4181         63
        4246        4266         47
        4277        8532         54
        4286        4297         19
        4326        4330         21
        5190        5194        123
        6169        6143          7
        7067        7067         64
        7094        7099          5
        7159        7155         57
        8211        8211         34
        8368        8392         54
        9124        9131         31

TABLE    : start_time (759)

   ggh4_orig   ggh4_dest      total
        4311        4310         10

TABLE    : start_time (800)

   ggh4_orig   ggh4_dest      total
        1021        1321         74
        1048        1022         19
        1055        1043         12
        1097        1295          6
        1100        1233          7
        1131        4038         18
        1132        1278          5
        1146        1301         22
        1156        1146         59
        1158        1232          7
        1173        1003         15
        1207        1114         26
        1216        1185         22
        1216        1222         36
        1226        1242         64
        1237        1278         10
        1252        1259         14
        1253        1371         77
        1260        1175         25
        1267        1271         30
        1269        1233         12
        1271        1337         26
        1292        1325         51
        1294        1278          6
        1297        1481         79
        1299        1510         38
        1301        1376         15
        1302        1341        206
        1305        1406         17
        1318        1333         10
        1323        1423         13
        1325        1406         16
        1331        1491         21
        1333        1278         25
        1336        1343         35
        1341        1341         19
        1341        1467         20
        1352        1185         97
        1358        1278         18
        1367        1343         29
        1372        1436          7
        1376        1185         18
        1378        1378         18
        1391        1152         29
        1392        1436         34
        1393        1381         13
        1394        1278         12
        1400        1423         42
        1406        1473         20
        1407        1461         12
        1409        1271         20
        1409        1371         33
        1413        1473         17
        1417        1195          6
        1423        1022          9
        1424        1424         31
        1428        1383         28
        1433        1337         40
        1433        1438         18
        1453        1335         10
        1458        2004         40
        1463        1554         19
        1466        1440         12
        1467        1473         27
        1474        1446         64
        1475        1003         16
        1487        1335         73
        1495        1620          8
        1511        1488         22
        1529        1607         64
        1541        1175          9
        1565        1392         22
        1565        1516          5
        1567        1625         22
        1570        1593          9
        1572        1620         20
        1580        1340          9
        1580        1578         49
        1581        1455         30
        1583        1556         27
        1592        1562         21
        1602        1436         52
        1602        1620         31
        1604        1468         14
        1615        1565         24
        1616        1588         49
        1625        1510         10
        2005        2031         30
        2008        2021         25
        2013        2004         32
        2013        2215         21
        2037        2042         63
        2042        2042         35
        2063        1142         27
        2063        2094         31
        2085        2042         33
        2085        2055         16
        2097        2054         19
        2110        2155         29
        2115        2121         26
        2117        2215         16
        2138        1510         18
        2143        2097         20
        2143        2143          7
        2149        2192         42
        2175        2175         21
        2197        2196         12
        2201        2166         37
        2201        2196         90
        2202        2161         23
        2227        2227         40
        2228        1554         17
        2235        2235         25
        2295        2292         16
        2300        2295         34
        3016        1510         26
        3058        1429         18
        3058        1510         26
        3065        1510         29
        3066        1500         16
        3077        3069         26
        3082        3080         22
        3087        3080         25
        3119        3080         48
        3121        1510         22
        3124        3109         16
        3137        3083         22
        3141        3153         33
        3166        3155         13
        3170        3257         14
        3171        3160         30
        3177        3160         56
        3179        3116         16
        3185        3094         15
        3188        3220         18
        3189        3051         13
        3189        3189         10
        3189        8121         16
        3195        3212         85
        3199        3109         16
        3199        3348         17
        3212        3144         36
        3212        3212         66
        3215        3249         32
        3223        3255          7
        3242        3255         13
        3242        3288         44
        3247        3247         23
        3253        1481         22
        3257        1602         13
        3266        3285         22
        3272        3117         14
        3273        3255         41
        3281        3268         17
        3281        3281         23
        3282        3120         23
        3285        3208         40
        3285        3247         22
        3293        3281         14
        3293        3285         25
        3302        3281         61
        3302        3302         33
        3303        3220         11
        3321        3348         50
        3345        3358         54
        3358        3369         18
        3361        3361         11
        3361        3369         82
        3361        3373         18
        3369        3369         33
        3375        3369         15
        3390        3386         21
        3396        3404         40
        3403        3389         56
        3407        3404         19
        3427        3404         13
        4003        1003         53
        4005        4011          7
        4009        4021         16
        4013        4012         38
        4015        4020         10
        4015        4030         10
        4017        4011         18
        4020        4020         15
        4020        4084         21
        4023        4006         37
        4023        4020         17
        4023        4023         36
        4023        4043         21
        4023        4084         30
        4034        4046         18
        4035        4035         24
        4038        4011         10
        4038        4074         60
        4040        4040         24
        4041        4028         42
        4041        4035         27
        4043        4028         42
        4043        4035         14
        4046        4032         10
        4051        4039         36
        4058        4046         20
        4059        4117         21
        4061        4061         44
        4063        4056         19
        4071        5138         21
        4073        4095         47
        4074        4028         12
        4080        4105         22
        4082        4040         16
        4084        4061         69
        4084        4084         50
        4087        4035          5
        4089        4028         22
        4089        4064         21
        4091        4061         10
        4091        4066         16
        4097        4105         12
        4099        4066         40
        4099        4105         10
        4105        4074         15
        4107        4117         31
        4111        4025         23
        4135        4124         25
        4138        4131        103
        4141        4129         30
        4143        4099         35
        4151        4177         27
        4160        4173         35
        4162        4177         10
        4171        4189         48
        4174        4160         21
        4174        4174         30
        4186        4274         13
        4191        4189         13
        4200        4173         27
        4200        4200          4
        4203        4274         14
        4211        4204         37
        4247        4233         30
        4251        4272         21
        4254        4228         14
        4257        4279         21
        4259        4272         13
        4260        4245         61
        4260        4278         50
        4262        4251         72
        4265        4245         20
        4265        4297         30
        4266        4181         23
        4272        4284         67
        4278        4266          8
        4281        4266         25
        4287        4251         28
        4293        4285         43
        4298        4272          9
        4298        4287         31
        4307        4298         19
        4310        4310         53
        4311        4164        121
        4311        4273         81
        4311        4287        121
        4314        4251         30
        4317        4317         16
        4320        4285         24
        4328        4320         20
        4329        1376         32
        4329        4317         33
        4329        4341         76
        4330        4330         14
        4331        4317         24
        4332        4341         17
        4341        1376         47
        4341        4341         10
        4370        4370         31
        5008        5003         42
        5018        5024         30
        5029        5034         72
        5038        5044         27
        5039        5045         18
        5049        5061         30
        5050        5051         13
        5059        5036         29
        5059        5051         22
        5065        5061         51
        5065        5075         44
        5065        5076         30
        5076        5075         27
        5076        5076         34
        5080        5074         30
        5081        5095          9
        5083        5074         30
        5084        5075         43
        5091        5102         33
        5096        5091         24
        5107        5088         15
        5107        5093         16
        5113        4074         11
        5124        5132         23
        5124        5135         59
        5124        5162         19
        5129        4002         19
        5130        5095          7
        5133        5132         56
        5143        5158          9
        5148        5162         59
        5188        5194         34
        5191        5194         17
        6017        6104         95
        6046        6050         71
        6051        6050         51
        6075        6065         71
        6134        6114         34
        6179        6189         13
        6232        5012         25
        7067        7062         45
        7084        7062         49
        7093        7084         14
        7111        7155         37
        7145        7109         16
        7159        7155         21
        7162        7155         38
        7165        7148         59
        7168        7094          9
        8142        8125         20
        8153        6200         29
        8221        8217         13
        8247        8264         16
        8253        8264         32
        8253        8368         13
        8258        8263         17
        8282        8321         44
        8292        8293         12
        8304        8421         64
        8319        8333         25
        8331        8384          6
        8333        8353         21
        8340        8262         15
        8340        8364         76
        8357        8366         22
        8360        8364         17
        8361        8353         21
        8362        8311         11
        8366        8253         37
        8366        8331         75
        8368        8331         10
        8369        8379         13
        8376        8364          7
        8400        8392         31
        8514        8524         48
        8525        8523         27
        8572        8384         33
        8582        8572         21
        8587        8541         43
        8594        8596         31
        8814        8809         29
        8815        8813         19
        8826        8826         23
        8835        8835         35
        8873        8874         44
        8875        8859         76
        8888        8895         84
        8916        8907         18
        9022        9022         39
        9101        9311         43
        9104        9123          7
        9119        9107        129
        9119        9115         37
        9131        9130          9
        9134        9135          7
        9135        9109         43
        9141        9123          5

TABLE    : start_time (805)

   ggh4_orig   ggh4_dest      total
        1098        1003         10
        1166        1143          6
        1197        1211         59
        1220        1333         10
        1252        1314         34
        1318        1314         30
        1343        1321         35
        1466        1512         33
        1538        1467         43
        1559        1559         30
        1564        1558          8
        1575        1592         16
        1597        1517         60
        2005        2031         54
        2039        2031         51
        2124        2198         43
        2143        2143         17
        2149        2192         21
        2204        2169         33
        2206        2227         43
        2223        2227         23
        2290        2292         26
        2315        2318         16
        3085        3196         22
        3117        3247          5
        3173        3135         15
        3179        3058         11
        3183        1620         16
        3185        3116         23
        3193        3208         15
        3214        3117          4
        3257        3257         11
        3281        3259         11
        3288        3281          9
        3375        3389         40
        3382        3389         24
        4015        4020         68
        4033        4074         15
        4043        4035         35
        4044        4060          6
        4054        4028         28
        4071        4035         42
        4073        4074         27
        4076        4039         43
        4123        4094         35
        4163        4181        163
        4171        4181         34
        4186        4189         13
        4228        4228         53
        4272        4273         35
        4279        4279         21
        4290        4278         14
        4317        4317         70
        5051        5051         54
        5054        5095         14
        5061        5074         28
        5069        5069         36
        5084        5076         16
        5107        5076         20
        5124        1418         10
        5124        5162          7
        5129        5122         96
        5133        5132         31
        5158        4082         14
        5158        5162         22
        6133        6200         32
        8156        8210          6
        8302        8288         36
        8350        8315         16
        8530        8520         14
        8809        1510         16
        9147        9131         94

TABLE    : start_time (810)

   ggh4_orig   ggh4_dest      total
        1009        1003         14
        1057        1043         21
        1114        1175         36
        1118        1108         16
        1126        1163         24
        1131        1103         15
        1273        4062         15
        1278        1233         25
        1291        1317         23
        1291        1354         28
        1292        1375         30
        1297        1281         37
        1303        1333         28
        1349        1455         46
        1353        1411         23
        1369        1517          5
        1415        3195          6
        1423        1366         44
        1468        1379          8
        1487        1510         12
        1534        1467         28
        1537        1625          5
        1542        1533         16
        1546        1406         18
        1548        1500         21
        1567        1615         27
        1572        1562         20
        1577        1620        118
        1594        3121         24
        1597        1589         60
        1597        1593        139
        1603        1562         56
        1631        3288         14
        2008        2021         66
        2055        2055         28
        2066        1385         25
        2097        2065         28
        2160        2192         24
        2235        2235         56
        3044        1574         56
        3044        3058         33
        3099        3117         16
        3121        3117         68
        3145        3094         27
        3160        3160         37
        3161        3120         36
        3166        3121         25
        3170        3295         15
        3177        3160         76
        3195        3144         23
        3212        3144         19
        3215        3203         32
        3220        1473         23
        3227        3257         23
        3266        3285         25
        3269        3272         19
        3273        3281         19
        3277        3257          3
        3287        3279          4
        3287        3295         36
        3302        3302         33
        3446        3446         19
        4020        4020         19
        4030        4023         74
        4030        4028         21
        4033        4046          4
        4041        4028         17
        4043        4035         53
        4043        4093         21
        4046        4046         11
        4078        4104         58
        4084        4066         59
        4119        4119         48
        4128        4124         38
        4142        4174         20
        4148        4137         47
        4191        4191         10
        4199        4185         21
        4210        4174         95
        4244        4244          9
        4272        4273         18
        4280        4278         12
        4290        4278         11
        4329        4317         35
        4341        4298         24
        4341        4341         17
        5025        6140         21
        5038        5034         46
        5043        5054         15
        5075        5122         44
        5083        5088         21
        5084        5075         19
        5095        5130         14
        5116        5096         40
        5125        5158         13
        5130        5074         17
        5143        5143          9
        5148        5162         64
        6076        6082         46
        6100        6171         18
        7004        7004         55
        7099        7099          8
        7106        7126         74
        7107        7107         16
        7159        7155         34
        8153        8147         19
        8156        8153         12
        8219        8210         11
        8252        8245         30
        8279        8290         20
        8384        8380         13
        8601        5195         24
        8842        8840         19
        8914        8907         37

TABLE    : start_time (812)

   ggh4_orig   ggh4_dest      total
        4064        4059         21

TABLE    : start_time (815)

   ggh4_orig   ggh4_dest      total
        1011        1048         12
        1043        1043        195
        1185        1352         97
        1187        1258          8
        1259        1204         23
        1265        1314         29
        1271        1242         26
        1273        1146         21
        1273        1335         42
        1292        1273         12
        1297        1152         13
        1305        1358         17
        1309        1309         25
        1318        1317         19
        1342        1342         26
        1348        1423         51
        1367        1317         35
        1394        1326         67
        1417        1371        125
        1424        3083         45
        1426        1456         16
        1436        1436         11
        1494        1436         86
        1508        1547         34
        1525        1552         21
        1528        1585          7
        1528        1615         32
        1531        1597         25
        1535        1392         11
        1535        1563         11
        1570        1606         23
        1594        1578         20
        1597        1568          8
        1621        1560         14
        1625        1620         18
        1628        1337         26
        1628        1599         45
        2001        2001         22
        2004        1554         21
        2095        2157         12
        2100        2094         36
        2102        2202         87
        2115        2094         55
        2138        2138         11
        2175        2157         61
        2191        2169         36
        2235        2235         50
        3028        3051         22
        3044        3058         38
        3060        3051         23
        3069        3083         26
        3091        3196         13
        3119        3097         18
        3121        3257         24
        3122        3117         39
        3124        3109         15
        3144        3144         40
        3145        3094         19
        3160        3171         30
        3165        3058         20
        3170        1500         31
        3171        1554          7
        3179        3116         13
        3183        3208          7
        3189        3130         24
        3219        3209         20
        3224        3208         26
        3235        3238         19
        3257        3257         19
        3259        3259         18
        3261        3202         56
        3266        3266         20
        3266        3268         28
        3266        3285         57
        3285        3285         20
        3288        3280         29
        3295        3279         82
        3308        3257         25
        3403        3382         56
        3409        3339         58
        3424        3428         35
        3431        3416         43
        4015        4030         21
        4023        4023         27
        4033        4019          4
        4049        4069         12
        4052        4064         42
        4054        4060         25
        4055        4074         52
        4066        4066         36
        4071        4071         19
        4113        1146         35
        4141        4129         30
        4160        4174         20
        4164        4164          3
        4186        4186         28
        4244        4244         18
        4274        4274         16
        4279        4279         26
        4311        4310         30
        4311        4320         17
        4332        4341         32
        4341        4341         47
        5023        5040         27
        5026        5044         71
        5059        5053         13
        5076        5076         31
        5124        5132         17
        5125        5139         13
        5129        5122         30
        5158        5158         19
        5201        5101          8
        6068        6059         40
        6094        6140         47
        6098        6133         97
        6110        6091        102
        7033        7037         35
        7075        7069         23
        7079        7120         13
        7122        7083         12
        7157        7157         37
        7162        7151         63
        8119        8125         50
        8131        8121         62
        8209        8210         22
        8282        8364         44
        8534        8532         14
        8885        8885         44
        8914        8916         37
        9020        9022         68
        9119        9131         31
        9123        9135         12
        9134        9135         34
        9146        9146          9

TABLE    : start_time (817)

   ggh4_orig   ggh4_dest      total
        1572        1562         54

TABLE    : start_time (820)

   ggh4_orig   ggh4_dest      total
        1015        4079         13
        1056        1195         10
        1146        1156         24
        1150        1150         17
        1219        1234          7
        1260        1440          4
        1286        1301         57
        1311        1340         18
        1335        1352         42
        1338        1185         37
        1343        1326         22
        1352        1352         57
        1380        1321         18
        1392        1392         15
        1426        1426         20
        1428        3055         17
        1432        1620          8
        1447        1392         12
        1484        1525         14
        1513        1379         15
        1521        1565          8
        1530        1392         14
        1535        1510         26
        1552        1552         13
        1557        1593         16
        1558        1557         21
        1574        1568         13
        1575        1587         16
        1596        1589         10
        1615        1598         16
        1624        1624         18
        1625        1578          9
        2004        2004         44
        2037        2037         19
        2103        2094         24
        2206        2181         32
        2206        2206         32
        2285        2292         10
        3032        3060         12
        3060        3058         15
        3094        3094         15
        3126        3144         60
        3144        3144         28
        3166        3190         55
        3173        3135         15
        3189        3130         13
        3193        3208         15
        3227        3190         10
        3235        3295         19
        3243        3202         31
        3272        3295         40
        3287        3295         10
        3361        3361         20
        4002        4002         96
        4011        4005         10
        4020        4020         21
        4041        4069          7
        4043        4028         12
        4054        4060         15
        4054        4071         29
        4081        4083         23
        4084        4066         20
        4089        5101         12
        4091        4091         41
        4129        4129         30
        4135        4124         29
        4160        4284         15
        4187        4174         15
        4254        4244         37
        4273        4281         37
        4286        4297         22
        4298        4298         11
        4298        4310         56
        4326        4341         15
        4341        4341         38
        4345        4310         23
        5076        5076         27
        5129        5122         29
        5143        5143         25
        6059        6059         37
        6070        6076         40
        6128        6105         31
        6134        6105        130
        6164        6206         42
        6206        6206         22
        7067        7067         36
        7087        7087         16
        7146        7155          9
        7168        7037         33
        8107        8108         21
        8156        8156         33
        8238        8282         11
        8325        8281         73
        8336        8361         19
        8340        8364         22
        8350        8315          8
        8704        8596          8
        8814        8807         30
        9134        9130         91

TABLE    : start_time (825)

   ggh4_orig   ggh4_dest      total
        1062        1011         19
        1229        1207         12
        1239        1325         48
        1253        1152         12
        1360        1360         10
        1403        1403         19
        1507        1371         20
        1521        1340         38
        1537        1488         17
        1552        1556         32
        1565        1565         47
        1577        1565         10
        1603        1434         19
        1606        1570         23
        1614        1614         21
        2094        2063         49
        2097        2092         19
        2103        2094         21
        2111        2215         20
        2124        2124         16
        2156        2156         17
        2175        2124         24
        2294        2292         20
        3076        3094         34
        3287        3295         12
        3288        3120         14
        4011        4011         11
        4030        4043         23
        4032        4038         10
        4054        4040         70
        4134        4129         12
        4290        4280         21
        4322        4273         18
        4341        4341         11
        4362        4362         22
        5130        5130         41
        5158        5158         26
        6046        6060         51
        7065        7053         13
        7065        7065         34
        7168        7168         11
        8152        8139         25
        8292        8292         12
        8310        8380         30
        8413        8260         27
        8519        8532         13
        8594        8596         10
        8843        8885         37

TABLE    : start_time (830)

   ggh4_orig   ggh4_dest      total
        1006        1009         28
        1011        1004         16
        1011        1011         12
        1015        1041         36
        1045        1030         55
        1055        1126         24
        1079        1030         29
        1081        1245         29
        1118        1126         52
        1131        1193         24
        1146        1030         36
        1146        1185         22
        1156        1022         12
        1163        1197         13
        1176        1144         18
        1190        1293         26
        1211        1162         19
        1216        1222         12
        1239        1102         11
        1241        1196         20
        1260        1194         21
        1267        1306         30
        1269        1305         90
        1283        1352         19
        1285        1328         72
        1285        1340          8
        1286        1301         25
        1291        1249         23
        1299        1288         19
        1301        1262         30
        1314        1314         24
        1315        1371         24
        1321        1343         35
        1326        1354         20
        1329        1418         44
        1330        1359         22
        1336        1305         26
        1341        1392         54
        1350        1277         20
        1360        1463         10
        1371        1315          6
        1378        1271         16
        1378        1344         39
        1387        1517         13
        1393        1352         15
        1396        1396         67
        1400        1366         16
        1407        1447         12
        1409        1271         13
        1411        1411         86
        1423        1487         18
        1424        1384         11
        1436        1355          8
        1436        1475         86
        1440        1426         41
        1444        1277         18
        1448        1448         18
        1450        1438         51
        1453        1427         17
        1457        1537        135
        1460        1512         18
        1464        1396         62
        1468        1456         48
        1518        1233          9
        1528        1615         32
        1529        1547          8
        1531        1500         12
        1552        1337         57
        1559        1550         15
        1559        1578         13
        1565        1565         47
        1568        1589         13
        1572        1572         14
        1577        1565         11
        1580        1599         19
        1587        1417         14
        1594        1516         22
        1594        1594         33
        1597        1557         20
        1597        1589         21
        1599        1599         14
        1607        1592         33
        1607        3099         72
        1615        1598          8
        1621        1599         23
        1625        1620         25
        1628        1628         45
        2004        2014         68
        2009        2004         35
        2013        2013         54
        2020        2021         81
        2021        2008         33
        2037        2042          8
        2074        2094         70
        2095        2157          5
        2117        2060          6
        2121        2115         34
        2139        2181         14
        2141        2156          6
        2143        2097         14
        2156        2157         15
        2175        2175         19
        2181        2089         17
        3104        3065         34
        3104        3071         34
        3124        1152         15
        3126        3144         21
        3144        3144         64
        3144        3195         28
        3150        3161         14
        3170        3117         14
        3173        1510         21
        3179        1510         19
        3185        3196         15
        3187        3238         12
        3195        1003          6
        3214        3251         14
        3223        3255         27
        3249        3202         45
        3265        3257         23
        3266        3241         51
        3285        3266         35
        3287        3295         36
        3290        3295         26
        3307        3295         15
        3362        3351         22
        3415        3427         23
        4013        4016         12
        4020        4030         22
        4023        4030         38
        4030        3116         33
        4032        4129         10
        4046        4046          9
        4054        4060         51
        4066        4131         12
        4071        4025          8
        4071        4060         14
        4094        4011         22
        4095        4147         36
        4107        4117         37
        4117        4117         43
        4123        4123         12
        4133        4121         35
        4151        4173         43
        4155        4164          3
        4191        4060          8
        4221        4174         47
        4246        4224         10
        4247        4272         10
        4260        4262         16
        4268        4267         47
        4277        4244         17
        4279        4279          8
        4280        4235         17
        4310        4295         31
        4311        4341         13
        4320        4310         15
        4322        4276         18
        4332        4341         29
        4370        4367         31
        5037        5030         40
        5059        5059         22
        5074        4025         15
        5076        5076         22
        5076        5140          8
        5085        5054         48
        5091        5095         42
        5092        5096         23
        5094        5107         40
        5114        5122         37
        5125        5125         51
        5125        5132         34
        5130        5130         29
        5143        5143          9
        5143        5151          8
        5183        5195         15
        5188        5183         15
        6058        6085         15
        6146        6132         34
        6193        6193         24
        7022        7004         36
        7084        7093         50
        7093        7065         12
        7095        7087         34
        7099        7091          8
        7144        7159         68
        7151        7151          8
        7151        7162         14
        7159        7162         57
        7162        7151         31
        7162        7162         31
        7168        7046          7
        8131        8147         19
        8133        8148         35
        8145        6200         20
        8148        8139         16
        8151        8133         26
        8151        8147         45
        8152        8139         56
        8154        8121         21
        8154        8125         16
        8154        8147         21
        8156        8156         10
        8230        8255          8
        8238        8254         32
        8268        8268         20
        8312        8312         49
        8338        8253         23
        8357        8366         15
        8386        8381         18
        8402        8425         17
        8405        8391         26
        8410        8357         31
        8417        8417         30
        8503        8528         13
        8533        8541        199
        8534        8541         34
        8542        8541         54
        8596        8596         32
        8703        8706         38
        8826        8829         31
        8834        8834         21
        8837        8831         20
        8837        8837         18
        8873        8874         17
        8908        8908        145
        9010        9013          6

TABLE    : start_time (833)

   ggh4_orig   ggh4_dest      total
        3130        3130         17

TABLE    : start_time (835)

   ggh4_orig   ggh4_dest      total
        1121        1103         89
        1236        1248         42
        1333        1321         21
        1359        1370         22
        1371        1371          7
        1462        1444         47
        1467        1467         15
        1480        1471          9
        1498        1475         21
        1535        1589         24
        1565        1565         10
        1565        1593         11
        2008        2021         11
        2124        2124         24
        3243        3268         15
        3251        3238         14
        3276        3276         29
        3285        3285         30
        3439        8810         19
        4030        4077         32
        4043        4043         12
        4051        4036         36
        4088        4088         17
        4141        1045         20
        4226        4228         20
        4235        4235         26
        4341        4341         16
        5045        5039         45
        5050        5050         27
        5069        5069         24
        5096        5092         23
        7162        7162         59
        8301        8301         59
        8520        8508         85
        8846        8840         27
        8885        8885         13

TABLE    : start_time (840)

   ggh4_orig   ggh4_dest      total
        1081        1245         16
        1173        1242          9
        1201        1245         12
        1241        1185         18
        1264        1278          6
        1312        1343         25
        1344        1340         20
        1351        1343         37
        1387        1366         23
        1396        1396         10
        1423        1452         61
        1438        1450         26
        1463        1434         15
        1508        1448         13
        1521        1392         39
        1528        1407          9
        1538        1538         43
        1563        3095         17
        1583        1556         19
        1596        1142         21
        1620        3141         30
        2009        2009         22
        2010        2010         40
        2118        1246         44
        2141        2097         13
        2223        2223         17
        3094        3094         15
        3095        3095         20
        3135        3135         20
        3145        3145         25
        3226        3226         28
        3369        3391         30
        3392        3372         19
        4015        4030         42
        4017        1535         18
        4020        4030         19
        4055        1004         35
        4056        1516         14
        4074        1196          9
        4160        4160          8
        4173        8380         34
        4174        4200         18
        4245        4270         21
        4287        4287          9
        4341        4341         32
        5040        5040         61
        5084        5084         18
        5158        5151         22
        6075        6067         55
        6076        6082         23
        7044        7053          9
        7087        7141         16
        8148        8139         14
        8237        8245         68
        8380        8288         19
        8809        8805         24
        8908        8908         49

TABLE    : start_time (845)

   ggh4_orig   ggh4_dest      total
        1049        1103         15
        1207        1242         17
        1210        1210         40
        1248        1233         42
        1297        1278         10
        1336        1343         10
        1337        1373         36
        1338        1227         52
        1343        1343         25
        1355        1242         28
        1371        1371          9
        1397        1434          8
        1434        1463         15
        1436        1392         10
        1436        1436         10
        1444        1444         24
        1475        1498         21
        1531        1500         19
        1538        1565          7
        1578        1578         13
        1589        1593         21
        1613        1593         11
        2014        2013         48
        2103        2028         30
        2115        2115         19
        2175        2175         28
        2235        2235         31
        2241        2235         26
        2290        2295         26
        3087        3087         32
        3116        3124         62
        3187        3199         35
        3197        3197         42
        3197        3222         48
        3220        3214         13
        3273        3273         14
        3293        3293         14
        3364        3381          7
        3381        3272         50
        3429        3406         37
        3431        3427         14
        3465        3467         25
        4141        4141         27
        4162        4162         35
        4200        4200         16
        4214        4228         41
        4228        4244         20
        4244        4228         82
        4244        4244         25
        4274        4272         45
        4323        4338         32
        4331        4331         54
        4341        4338         16
        4341        4341         18
        4370        4356         32
        5044        5044         83
        5049        5073         14
        5080        5093         18
        6073        6048        193
        6203        6176         15
        7037        7037         63
        7084        7084         18
        7156        7156         26
        7157        7145         37
        8108        8107         10
        8255        8255         41
        8273        8333         48
        8387        8387         23
        8576        8576         94
        8704        8865         62
        8709        4363         23
        8807        8807        109
        8830        8830         14
        8835        8835         39
        8896        8898         17
        8907        8907         23
        8916        8916         56

TABLE    : start_time (850)

   ggh4_orig   ggh4_dest      total
        1004        1011         35
        1024        1024         21
        1452        1443         61
        1509        1517          9
        1526        1526         17
        1558        1581         39
        2014        2013         48
        2023        2031         10
        3051        3051         10
        3065        3058         66
        3135        3135         41
        3171        1554        129
        3293        3293          8
        4040        4040         17
        4073        4078         27
        4164        4189          3
        4214        4228         17
        4228        4200         13
        4329        4329         43
        5049        5073         28
        5083        5083         48
        5204        4009         15
        7081        7126         59
        7157        7145         28
        8271        8282         26
        8596        8596         17
        8830        8817         21
        8832        8831         16
        8893        8893         22

TABLE    : start_time (855)

   ggh4_orig   ggh4_dest      total
        2223        2223         18
        3153        3124         21
        3212        3144         22
        3273        3281         18
        3304        3304         11
        4005        4011         23
        4053        4066         70
        4228        4200         22
        5148        5148         32
        5158        5158         21
        5188        5188         16
        7060        7065         44
        8814        8809         24
        8886        8883         13

TABLE    : start_time (900)

   ggh4_orig   ggh4_dest      total
        1003        1152         39
        1006        1003         44
        1217        1278         21
        1316        1376         19
        1341        1341         19
        1371        1463         10
        1393        1510         15
        1487        1427         59
        1616        1554         25
        1620        1625         23
        2020        2016         32
        2055        2055         36
        2089        2060         29
        2201        2201         39
        2227        2227         20
        3069        1510         34
        3075        3056         25
        3173        3135          8
        3189        3189         16
        3272        3296         50
        3343        3323         31
        3392        3296         15
        3404        3416         17
        3417        3404         14
        3473        3470         30
        4012        4028          5
        4030        4054          6
        4040        4040         24
        4066        4076         26
        4121        4025         28
        4138       16534          8
        4173        4174         12
        4177        4177         31
        4300        4300         20
        4313        4293         41
        4341        4341         15
        4373        1030         26
        5034        5029         14
        5044        5040         35
        5046        5050         22
        5050        5050         25
        5059        5059         31
        5094        5092         32
        5107        5107         50
        5124        5124         10
        5148        5148         30
        6012        6200         62
        6064        6140         27
        6065        6098         49
        6075        6098        152
        6075        6140         71
        7033        7168         70
        7126        7126         13
        8153        8153         19
        8247        8247         24
        8308        8308         28
        8312        8293         43
        8331        8331         32
        8710        8710         47
        8818        8817         25
        8840        8840         20
        8872        8880         30
        8875        8875         96
        8887        8883         28
        9124        9117          5

TABLE    : start_time (905)

   ggh4_orig   ggh4_dest      total
        1222        1097         41
        1606        1593         20
        2233        1586         33
        3058        3044         18
        3244        3296         31
        3266        3266         24
        3309        3296         18
        4187        4297         22
        4300        4300          7
        5073        5073         17
        8215        8219         22
        8810        8809         21

TABLE    : start_time (910)

   ggh4_orig   ggh4_dest      total
        2155        2202         14
        2223        2215         10
        4268        1376          9
        5050        5040         25
        8809        8810         11

TABLE    : start_time (915)

   ggh4_orig   ggh4_dest      total
        1003        4025         44
        3141        1554         33
        3220        3166         23
        3417        3355        112
        4134        1003         15
        4138        4177         27

TABLE    : start_time (920)

   ggh4_orig   ggh4_dest      total
        1179        1022         13
        1229        1187         12
        2018        2010         14
        2138        2215         13
        2233        2041         31
        2281        3351         36
        4163        4177          7
        4298        4287         19
        7060        7082        107

TABLE    : start_time (925)

   ggh4_orig   ggh4_dest      total
        2281        3351         36
        4080        4105          7

TABLE    : start_time (930)

   ggh4_orig   ggh4_dest      total
        1043        1126         16
        1202        1560         50
        1211        1152         67
        1297        1303         59
        1341        1541         54
        1456        1236         15
        1510        3090         15
        1613        1554          7
        2013        1258         28
        3171        3206        129
        5148        5146         35
        5186        5189         20
        7127        7082         41
        8529        8532         24

TABLE    : start_time (940)

   ggh4_orig   ggh4_dest      total
        3419        3427         16
        4009        4025         33
        7153        7083         51

TABLE    : start_time (945)

   ggh4_orig   ggh4_dest      total
        1453        1510         17
        2177        2215         52
        3302        3160         18
        5046        5068          4

TABLE    : start_time (950)

   ggh4_orig   ggh4_dest      total
        1400        1314         16
        4179        4186         92

TABLE    : start_time (1000)

   ggh4_orig   ggh4_dest      total
        1003        1152         39
        1400        1376         14
        1556        2076         16
        2093        1554          6
        2150        2215         60
        4080        1142          7
        4274        4251         16
        4323        1576         40
        8238        8281         32
        8381        8532         38

TABLE    : start_time (1015)

   ggh4_orig   ggh4_dest      total
        1173        1177          9
        1357        1413         13
        4107        4025         27
        8291        8281         21
        8898        8894         22

TABLE    : start_time (1020)

   ggh4_orig   ggh4_dest      total
        3076        3099         13
        4067        1152         62

TABLE    : start_time (1030)

   ggh4_orig   ggh4_dest      total
        1102        1510         16
        1453        1510         17
        1502        3094         22
        3130        1510         25
        4012        4025         12
        5123        4025         20

TABLE    : start_time (1035)

   ggh4_orig   ggh4_dest      total
        1582        1554         12

TABLE    : start_time (1040)

   ggh4_orig   ggh4_dest      total
        8837        8872         24
        9126        9138         17

TABLE    : start_time (1045)

   ggh4_orig   ggh4_dest      total
        1267        1213         12
        1423        1376         18
        3076        1510         13

TABLE    : start_time (1100)

   ggh4_orig   ggh4_dest      total
        1204        1095         29
        1359        1122         32
        2013        1554         19
        4084        1172         20
        4121        1510         28
        4123        4025         16
        5024        5101         14
        5071        5044         39
        6098        6140         30
        6137        6065         29
        8126        6140         43
        8310        8253         43
        8412        8253         14

TABLE    : start_time (1105)

   ggh4_orig   ggh4_dest      total
        4298        4164         22

TABLE    : start_time (1120)

   ggh4_orig   ggh4_dest      total
        9126        9138         51

TABLE    : start_time (1130)

   ggh4_orig   ggh4_dest      total
        2037        2041         17
        3141        1510         21
        4300        4189         18
        7159        7082         34
        8338        8253         23
        8368        8380         18

TABLE    : start_time (1200)

   ggh4_orig   ggh4_dest      total
        1321        1503         21
        1427        1376         42
        2008        2094         68
        3135        3090         16
        3290        4025         26
        4174        4262          9
        8131        8136         19
        8242        8312         38

TABLE    : start_time (1205)

   ggh4_orig   ggh4_dest      total
        1370        1041         31
        2074        2094         25

TABLE    : start_time (1210)

   ggh4_orig   ggh4_dest      total
        1543        2115         21
        1603        1554         13

TABLE    : start_time (1215)

   ggh4_orig   ggh4_dest      total
        6115        6140         29

TABLE    : start_time (1220)

   ggh4_orig   ggh4_dest      total
        1297        1429         64

TABLE    : start_time (1230)

   ggh4_orig   ggh4_dest      total
        1309        1385         25
        5050        5050         52
        6104        6200         48
        9143        9109         11

TABLE    : start_time (1240)

   ggh4_orig   ggh4_dest      total
        6075        6140         39
        8153        8121         32

TABLE    : start_time (1245)

   ggh4_orig   ggh4_dest      total
        3179        1510         19

TABLE    : start_time (1250)

   ggh4_orig   ggh4_dest      total
        8515        8532         12

TABLE    : start_time (1300)

   ggh4_orig   ggh4_dest      total
        4135        4025         25
        4280        1510         32
        4286        4065         34
        9013        9010          9

TABLE    : start_time (1305)

   ggh4_orig   ggh4_dest      total
        8522        8532         28

TABLE    : start_time (1330)

   ggh4_orig   ggh4_dest      total
        1043        1114         16
        2125        1142         29
        3097        1510         20
        4255        4164         44
        4280        1003         17

TABLE    : start_time (1345)

   ggh4_orig   ggh4_dest      total
        1628        1554         21

TABLE    : start_time (1350)

   ggh4_orig   ggh4_dest      total
        1388        1510         57

TABLE    : start_time (1400)

   ggh4_orig   ggh4_dest      total
        4311        6140         13

TABLE    : start_time (1415)

   ggh4_orig   ggh4_dest      total
        4013        6200         16

TABLE    : start_time (1430)

   ggh4_orig   ggh4_dest      total
        3103        1152         52
        4075        4025         39
        8818        1376         23

TABLE    : start_time (1530)

   ggh4_orig   ggh4_dest      total
        2118        2215         44

TABLE    : start_time (1550)

   ggh4_orig   ggh4_dest      total
        1342        6200         14

TABLE    : start_time (1630)

   ggh4_orig   ggh4_dest      total
        7133        7082         23

TABLE    : start_time (1700)

   ggh4_orig   ggh4_dest      total
        8368        8384         27

TABLE    : start_time (1730)

   ggh4_orig   ggh4_dest      total
        1075        1152         35

TABLE    : start_time (1750)

   ggh4_orig   ggh4_dest      total
        1549        1510         28

TABLE    : start_time (1800)

   ggh4_orig   ggh4_dest      total
        4135        1510         31

TABLE    : start_time (1805)

   ggh4_orig   ggh4_dest      total
        4290        1510         17

TABLE    : start_time (1815)

   ggh4_orig   ggh4_dest      total
        1525        1432         46
        7087        7111         18

TABLE    : start_time (1820)

   ggh4_orig   ggh4_dest      total
        3188        1586         21

TABLE    : start_time (1830)

   ggh4_orig   ggh4_dest      total
        1569        1205         26
        2177        2169         13

TABLE    : start_time (1845)

   ggh4_orig   ggh4_dest      total
        4020        4025         10
