Fri Nov 03 2023 17:09:33 GMT+0000 (Coordinated Universal Time) - Run Time: 2500ms

Cross Tabulation Query Form - Trip - 2016 v1.1

Row: GGHM V4 zone of origin - ggh4_orig
Column: GGHM V4 zone of destination - ggh4_dest
Table: Start time of trip - start_time


Filters:
Day of week trip data were collected - trip_day In 3, 
and
Trip purpose of destination - purp_dest In S, 
and
Primary travel mode of trip - mode_prime In W, 

Trip 2016
ROW : ggh4_orig
COLUMN : ggh4_dest

TABLE    : start_time (640)

   ggh4_orig   ggh4_dest      total
        1312        1278         26

TABLE    : start_time (645)

   ggh4_orig   ggh4_dest      total
        1535        1563         14

TABLE    : start_time (700)

   ggh4_orig   ggh4_dest      total
        1162        1186          9
        2169        2174         32
        2177        2181         18

TABLE    : start_time (705)

   ggh4_orig   ggh4_dest      total
        1111        1114          4

TABLE    : start_time (710)

   ggh4_orig   ggh4_dest      total
        4235        4235         18

TABLE    : start_time (715)

   ggh4_orig   ggh4_dest      total
        1367        1336         76
        1459        1487         40
        1494        1436          9
        3130        3135         30

TABLE    : start_time (720)

   ggh4_orig   ggh4_dest      total
        1224        1213         11
        2139        2181         17
        3429        3429         44
        4075        4056         10

TABLE    : start_time (725)

   ggh4_orig   ggh4_dest      total
        3097        3080         14
        3404        3416          8
        4084        4061         17
        4119        4129         48
        8255        8255         21

TABLE    : start_time (730)

   ggh4_orig   ggh4_dest      total
        1047        1097         45
        1126        1102          5
        1141        1142         82
        1293        1303         21
        1342        1342         16
        2152        2174         21
        2177        2181         18
        3075        3080         20
        3203        3249         33
        3287        3269         20
        3422        3429         82
        4002        4002         34
        4007        4002         41
        4043        4035         26
        4050        4032         27
        4094        4094         29
        4104        4102         25
        4117        4105         23
        4177        4177         67
        4188        4171          8
        4273        4272         35
        4286        4272         14
        4286        4285         31
        4319        4310         26
        5069        5075         35
        5080        5074         47
        5092        5093         30
        5093        5093         64
        5143        5135         18
        6086        6093         11
        6228        6227         82
        7003        7003         39
        7062        7067         22
        7159        7151         55
        8122        8121         61
        8151        8147         13
        8228        8236         20
        8235        8236         29
        8247        8264         50
        8254        8264         29
        8302        8333         45
        8576        8568         44
        8813        8815         42
        8826        8826         88
        8830        8830         73
        8865        8872         20
        8898        8898         90

TABLE    : start_time (735)

   ggh4_orig   ggh4_dest      total
        2235        2235         11
        4082        6235         14
        4111        4111         11
        4286        4273         14
        5101        5101         49
        5108        5095        115
        8255        8255         63

TABLE    : start_time (740)

   ggh4_orig   ggh4_dest      total
        1041        1103         25
        1066        1142         14
        1342        1402         15
        2002        2002         26
        2156        2198         26
        2212        2212         52
        2218        2223         20
        2227        2227         29
        3097        3080         36
        3130        3135         22
        3392        3392          9
        3408        3398         36
        3417        3417         16
        3473        3473         41
        4094        4102         29
        4247        4251         10
        5037        5036         41
        5059        5051         49
        5076        5076         30
        7137        7137         25
        8152        8147         28
        8829        8826         48
        8830        8830         14
        9012        9012         23

TABLE    : start_time (745)

   ggh4_orig   ggh4_dest      total
        1174        1186         14
        1278        1278         37
        1302        1341         33
        1376        1361         38
        2102        2169          7
        2143        2143         17
        2143        8268         17
        2223        2227         12
        2227        2227         18
        2235        2235         23
        3231        3249         10
        3281        3281         13
        3293        3281         13
        3398        3396         10
        4012        4016         27
        4040        4040         35
        4046        4074         13
        4054        4060         26
        4060        4060         38
        4066        4084         22
        4071        4040          9
        4135        4124         33
        4173        4173         18
        4226        4228         41
        4285        4293         24
        4329        4317         81
        5084        5075         17
        5101        5101         42
        5143        5135         35
        5158        5158         32
        6224        6227         49
        7151        7151         23
        7159        7159         55
        8213        8213         67
        8255        8255         26
        8258        8252         36
        8330        8329         16
        8362        8353         29
        8826        8826         11
        8835        8835         14
        8865        8865         20
        8872        8865         31
        9010        9010         23

TABLE    : start_time (750)

   ggh4_orig   ggh4_dest      total
        1041        1103         25
        1059        1041         12
        1205        1186          5
        1223        1204         49
        1376        1361         28
        1436        1468         12
        2013        2013         62
        2139        2139         40
        2150        2155         49
        2157        2198         40
        2227        2227         11
        2235        2235        187
        3245        3255         15
        3257        3257         21
        3293        3281         15
        3404        3404         13
        3470        3470         15
        4056        4056         84
        4135        4147         23
        4235        4245          9
        5049        5053         23
        5084        5075        114
        5129        5122         23
        5151        5162         39
        5158        5162         24
        6224        6227         79
        8213        8213         42
        8245        8255         26
        8247        8264         14
        8338        8364         23
        8361        8353         32
        8361        8379         16
        8427        8427         32

TABLE    : start_time (755)

   ggh4_orig   ggh4_dest      total
        1460        1512         17
        3130        3135         14
        3293        3293         15
        3398        3398         28
        4002        4002         60
        4186        4186         57
        4285        4293         87
        5028        5036         14
        5143        5135          6
        7037        7037         26
        7157        7157         20
        8427        8427         32

TABLE    : start_time (800)

   ggh4_orig   ggh4_dest      total
        1002        1002          8
        1022        1041         10
        1059        1103         35
        1072        1072         20
        1124        1144         24
        1137        1166         14
        1142        1142         50
        1159        1128          9
        1162        1162         25
        1174        1171         12
        1178        1126         44
        1191        1102         43
        1202        1192          9
        1207        1181         10
        1209        1187         27
        1220        1220          9
        1228        1206         11
        1230        1260          9
        1236        1298         73
        1244        1232         29
        1260        1235          8
        1274        1274         86
        1286        1301         30
        1293        1321         31
        1309        1309         29
        1311        1311        123
        1311        1340         18
        1389        1379          4
        1443        1487         28
        1460        1500         16
        1474        1446        123
        1475        1475         45
        1492        1510         33
        1508        1488         35
        1511        1479         13
        1512        1491         22
        1514        1586         37
        1535        1563         14
        1556        1552         13
        1563        1563         23
        1590        1577          7
        1606        1589         25
        1613        1593         25
        2013        2004          9
        2013        2013          9
        2023        2031         35
        2032        2041         30
        2042        2042         35
        2047        2041         34
        2060        2060         27
        2090        2124         12
        2112        2181         30
        2121        2094         64
        2134        2089         16
        2143        2097         23
        2143        2141         36
        2143        2143         42
        2150        2155         82
        2150        2202         61
        2166        2192         25
        2196        2196         18
        2204        2227         13
        2241        2235         15
        2241        2241         80
        2294        2292        101
        3050        3050         13
        3072        3083         95
        3076        3083         38
        3110        1625         60
        3119        3130         41
        3130        3130         16
        3135        3130         26
        3137        3116         32
        3160        3160         43
        3171        3171         11
        3173        3173         17
        3197        3212         43
        3203        3206         25
        3224        3208         36
        3231        3249         33
        3235        3235          9
        3264        3264         22
        3268        3285          5
        3269        3269         17
        3288        3288         15
        3293        3281         24
        3367        3367         57
        3369        3369         20
        3372        3369         10
        3382        3369         33
        3394        3389         28
        3404        3416         13
        3406        3408         24
        3416        3416         35
        3422        3422         41
        3424        3429         13
        4016        4024         10
        4020        4020         50
        4022        4016         57
        4023        4020         31
        4023        4023         13
        4023        4030         11
        4035        4028         39
        4035        4035        145
        4046        4046         18
        4046        4074         15
        4060        4040         12
        4066        4066         18
        4066        4077         22
        4074        4074         62
        4091        4066         11
        4098        4098         36
        4117        4105         25
        4121        4121         23
        4121        4124         38
        4122        4122         29
        4138        4138          8
        4160        4160          5
        4164        4164         10
        4173        4173         12
        4181        4204         27
        4186        4186         19
        4191        4191         19
        4214        4228          9
        4228        4200         20
        4251        4251         26
        4259        4273         24
        4274        4251         17
        4274        4274         10
        4285        4297          5
        4286        4286         40
        4287        4287         32
        4298        4287         31
        4300        4310         19
        4310        4310         19
        4311        4311         43
        4311        4317         12
        4320        4310         44
        4329        4329         44
        4341        4341         21
        4370        4370         52
        5024        5024         25
        5038        5044         21
        5040        5040         15
        5044        5034         25
        5053        5058         26
        5059        5051         41
        5069        5069         37
        5074        5074         29
        5076        5076         71
        5084        5075         67
        5084        5076         42
        5084        5084         31
        5108        5095        118
        5113        5113         41
        5124        5132         39
        5189        5189         18
        6032        6032         62
        6050        6050         66
        6065        6065        143
        6067        6067         46
        6131        6111         69
        6162        6165         72
        6162        6171         42
        6178        6171         79
        6200        6200         43
        6208        6191        116
        7037        7037         26
        7062        7067         22
        7109        7100          8
        7109        7109         21
        7133        7133         47
        7155        7155         28
        7162        7159         38
        8109        8125         21
        8210        8210         51
        8215        8209         12
        8261        8309        142
        8271        8271         33
        8308        8290         24
        8312        8312         90
        8328        8329         72
        8353        8353         19
        8366        8366         43
        8397        8392         54
        8413        8413         20
        8427        8427         27
        8515        8508         25
        8521        8528         25
        8528        8532         15
        8529        8524         42
        8705        8705         94
        8807        8809         75
        8815        8815         86
        8830        8830         27
        8844        8840         20
        8865        8865         34
        8865        8872         94
        8871        8871         28
        8898        8898         20
        9121        9124         63
        9130        9130         17

TABLE    : start_time (805)

   ggh4_orig   ggh4_dest      total
        1103        1103         56
        1169        1206         13
        1566        1512         20
        2174        2138         15
        2215        2191         24
        3160        3206         57
        3216        3216         17
        3235        3235          9
        3257        3257         41
        3259        3249         16
        3285        3285         31
        3361        3361         24
        4035        4035          5
        4055        4074         20
        4060        4060         25
        4064        4060         63
        4090        4078         19
        4105        4105         10
        4121        4121         23
        4186        4189         57
        4266        4266         72
        4273        4273         19
        4326        4330         50
        4341        4341         13
        5076        5076         10
        5084        5076         24
        8413        8413         41
        8520        8520         26
        9109        9109         79
        9115        9115         27
        9135        9135         21

TABLE    : start_time (810)

   ggh4_orig   ggh4_dest      total
        1041        1041         28
        1158        1126         14
        1187        1181         22
        1206        1162         28
        1223        1232         10
        1229        1242         15
        1231        1187         26
        1258        1209         24
        1312        1305          8
        1333        1343         14
        1338        1335         51
        1378        1378          5
        1426        1467         20
        1475        1475         45
        1531        1557         21
        1547        1547         31
        1566        1565         50
        1570        1570         27
        1614        1614         47
        2013        2004         29
        2042        2042         34
        2177        2177         34
        3051        3051         23
        3097        3097         22
        3137        3116         67
        3145        3116         27
        3179        3179          6
        3190        3190         19
        3196        3196         13
        3197        3197         55
        3201        3208         16
        3211        3238         39
        3404        3404         10
        3427        3427         17
        3429        3429         53
        4002        4009         34
        4009        4009         33
        4035        4035         27
        4040        4040         20
        4053        4053         74
        4054        4040         15
        4068        4058         17
        4105        4105         15
        4129        4129        129
        4267        4267         18
        4273        4273         25
        4274        4274         26
        4298        4310         12
        4311        4320         49
        4329        4317         36
        4341        4335         18
        5034        5034         55
        5084        5076         18
        5113        5132         17
        5129        5122         21
        5130        5130         26
        5158        5162         24
        6126        6150         20
        8560        8541         77
        8568        8576         61
        8837        8837         14
        9115        9107         21

TABLE    : start_time (814)

   ggh4_orig   ggh4_dest      total
        1556        1556         20

TABLE    : start_time (815)

   ggh4_orig   ggh4_dest      total
        1011        1011         10
        1083        1043          5
        1110        1142          9
        1146        1146         49
        1177        1152         18
        1211        1233         41
        1214        1211         33
        1220        1220         13
        1232        1204         16
        1242        1242         13
        1274        1274         54
        1286        1286         18
        1302        1341         44
        1308        1271         13
        1314        1314         20
        1342        1306         29
        1345        1345         35
        1353        1411          8
        1382        1382         31
        1384        1343         19
        1403        1444         19
        1409        1432         43
        1421        1475         30
        1436        1436         22
        1438        1438         21
        1448        1448         10
        1475        1475         48
        1490        1500         51
        1495        1436          9
        1549        1517         10
        1556        1583         10
        1559        1578         27
        1572        1562         23
        1574        1557          9
        1582        1578         28
        2042        2042         20
        2094        2094         10
        2143        2097         36
        2169        2169         36
        2177        2177         12
        2196        2196         36
        2204        2227         23
        2223        2227         29
        2292        2292         73
        2308        2308         20
        2311        2311         52
        3051        3051         19
        3056        3056         17
        3094        3094         47
        3097        3097         42
        3171        3171         40
        3220        3251         43
        3249        3249         21
        3251        3257         19
        3266        3266         27
        3269        3269         17
        3282        3282         17
        3415        3415          4
        3416        3416         35
        3431        3431         20
        4035        4035         44
        4052        4052         38
        4052        4060         24
        4061        4061         37
        4061        4084         37
        4066        4066         21
        4119        4129         54
        4174        4174         18
        4245        4245         25
        4267        4279         13
        4268        4279         54
        4324        4330         15
        4341        4341         18
        5008        5008         17
        5054        5054         17
        5074        5074          4
        5076        5076         72
        5084        5084         16
        5122        5122         87
        5129        5122         22
        5158        5158         32
        5190        5195         90
        6009        6009         52
        6171        6171        247
        6171        6190        124
        7045        7046         17
        8107        8107          5
        8292        8292         37
        8366        8366         20
        8517        8526         38
        8520        8520         15
        8529        8524         33
        8534        8534         23
        8539        8549        181
        8568        8568         46
        8576        8576         36
        8594        8594         20
        8596        8596         39
        8867        2067         44
        8890        8890         27
        9123        9123         51

TABLE    : start_time (820)

   ggh4_orig   ggh4_dest      total
        1007        1004         97
        1011        1008         15
        1011        1011         25
        1041        1041         28
        1047        1045         25
        1071        1071         14
        1071        1126         15
        1126        1126         11
        1134        1144         20
        1136        1126        108
        1143        1152         16
        1202        1215          4
        1226        1242         12
        1245        1246         34
        1263        1288         76
        1333        1343         14
        1353        1353         10
        1371        1371         87
        1413        1392         11
        1425        1411        139
        1425        1441         46
        1436        1436         19
        1501        1526         79
        1508        1547         35
        1535        1541         48
        1565        1565         20
        1566        1566         50
        1583        1583         24
        1598        1615         21
        1614        1620         11
        1620        1620         71
        2042        2042         29
        2063        2094         45
        2121        2115         17
        2138        2138         11
        2206        2206         25
        2292        2292         39
        3060        3060         22
        3137        3137         35
        3211        3238         39
        3257        3257         48
        3257        3295         10
        3272        3265         15
        3281        3281         13
        3287        3287         14
        3303        3303         20
        4003        4009          6
        4010        4010         21
        4027        3364         11
        4063        4063         18
        4064        4060         63
        4071        4060         31
        4075        4065         10
        4226        4226         41
        4273        4273         19
        4366        4367         10
        5038        5038         36
        5054        5054        118
        5084        5076         22
        5102        5096         25
        5129        5129         23
        6065        6065         27
        6098        6098        246
        6177        6198         37
        6177        6200         49
        8114        8111         45
        8217        8210         70
        8217        8217         70
        8248        8248         27
        8292        8292         63
        8520        8520         25
        8534        8532         12
        8535        8539         17
        8701        8702         11
        8702        8702         42
        9117        9112         33
        9135        9135         86

TABLE    : start_time (825)

   ggh4_orig   ggh4_dest      total
        1024        1045         31
        1030        1030         16
        1102        1057         19
        1118        1126         43
        1178        1151          6
        1181        1187         39
        1182        1176         16
        1188        1171         91
        1194        1194          5
        1263        1258         37
        1302        1341         11
        1333        1321         22
        1382        1382         13
        1441        1441         16
        1448        1448         18
        1493        1493         26
        1544        1582         15
        1565        1565          7
        2008        2010         12
        2063        2063         42
        2063        2094         45
        2177        2177         15
        3091        3094         25
        3097        3097         24
        3232        3232         25
        4046        4046         24
        4071        4060         31
        4111        4122         13
        4226        4228          7
        5034        5034         19
        5054        5054         98
        5084        5084         22
        5129        5122         21
        5143        5143         11
        8156        8156         18
        8268        8268         17
        8702        8702         12
        8837        8837         29

TABLE    : start_time (830)

   ggh4_orig   ggh4_dest      total
        1003        1003         11
        1024        1030         31
        1043        1043         31
        1071        1126         15
        1094        1144          5
        1101        1144        146
        1103        1103         23
        1111        1114          4
        1113        1151         23
        1118        1126         55
        1123        1089         41
        1126        1126         11
        1130        1126         22
        1136        1130          9
        1137        1144         14
        1148        1151         30
        1155        1147         36
        1166        1197          6
        1178        1151         44
        1187        1187         56
        1190        1204         11
        1199        1152         23
        1209        1186         23
        1214        1233         39
        1215        1215         15
        1230        1230         16
        1240        1230         10
        1242        1242         24
        1244        1270         17
        1251        1251         16
        1260        1288         15
        1275        1260          9
        1292        1325         29
        1303        1303         66
        1303        1333         31
        1306        1306         24
        1323        1325         11
        1333        1333         20
        1337        1371         28
        1340        1340         13
        1342        1342         29
        1343        1354         24
        1344        1344         15
        1354        1354         35
        1366        1381         20
        1367        1367         76
        1371        1371         12
        1373        1337         15
        1381        1366         40
        1384        1343         32
        1388        1388         90
        1389        1392         73
        1398        1371         22
        1412        1463         19
        1414        1444         28
        1425        1411         20
        1425        1441         39
        1461        1461         17
        1462        1444        134
        1464        1447         14
        1464        1464         14
        1467        1467         51
        1475        1475         16
        1480        1471         74
        1480        1499         25
        1483        1483         11
        1491        1500         31
        1494        1468         77
        1502        1517         63
        1507        1507         13
        1517        1517         13
        1520        1500         22
        1531        1506         17
        1556        1556         38
        1562        1562         42
        1565        1565         20
        1582        1578         53
        1589        1593         88
        1590        1567          5
        1590        1590          4
        1599        1599         17
        1602        1602         39
        1605        1605         25
        1613        1593          8
        1620        1620         23
        2002        2004         17
        2013        2013         65
        2115        2094         62
        2134        2134         16
        2143        2097          9
        2143        2143         42
        2152        2152         49
        2177        2158         18
        2177        2181         54
        2196        2196         27
        2223        2227         22
        2235        2235         40
        2292        2292         64
        3056        3056         79
        3075        3075         20
        3122        3117         48
        3134        3155         23
        3141        3141         31
        3141        3161         98
        3153        3124         24
        3162        3196         22
        3187        3187         19
        3189        3189         11
        3232        3211         13
        3253        3232         45
        3253        3256         29
        3268        3285          7
        3317        3317         31
        3362        3351         42
        3394        3394         28
        3422        3422         16
        3429        3429        109
        4030        4030        139
        4034        4046         11
        4036        4039         50
        4052        4060         32
        4063        4076         36
        4094        4094          7
        4174        4174         18
        4228        4200         20
        4228        4228         51
        4235        4235        121
        4244        4228         54
        4245        4245         55
        4278        4280         18
        4280        4280         25
        4307        4307          6
        4310        4310         13
        4330        4330         13
        4341        4341         53
        5034        5034         19
        5053        5053         34
        5054        5054         54
        5074        5074          4
        5076        5076         17
        5084        5084         18
        5096        5096         37
        5129        5129         11
        5133        5133          9
        5148        5139         24
        5182        5182         32
        5190        5195         16
        6105        6105        132
        6111        6111         73
        6159        6147        151
        6159        6150        151
        6159        6181         43
        6177        6200         18
        6182        6182         99
        6185        6163         55
        6208        6208        116
        7003        7003         39
        7053        7053          9
        7063        7063         58
        7076        7076          8
        7080        7082         28
        7133        7133         40
        8108        8107        115
        8110        8110         20
        8148        8147         28
        8154        8154         20
        8156        8156         25
        8219        8216         14
        8255        8255         14
        8268        8268         32
        8296        8312         15
        8298        8281         15
        8315        8315         24
        8336        8348         32
        8381        8381         32
        8387        8387         26
        8427        8427         53
        8568        8572         13
        8576        8576         57
        8596        8596         32
        8702        8702         38
        8706        8706         86
        8710        8710         68
        8801        8801         28
        8805        8805         11
        8810        8809         16
        8826        8826         42
        8829        8829         24
        8830        8830         30
        8840        8840         58
        8871        8871         55
        8885        8885        124
        8898        8896         63
        8900        8900         68
        8910        8907         25
        9116        9112         25
        9131        9131         22

TABLE    : start_time (835)

   ggh4_orig   ggh4_dest      total
        1177        1152         23
        1218        1235          7
        1271        1271         19
        1305        1278          9
        1305        1305         92
        1308        1308         26
        1351        1333         14
        1392        1392         18
        1444        1444         34
        1461        1461         22
        1495        1495         18
        1589        1593         19
        2001        2001         28
        3295        3295         31
        3399        3399         67
        4071        4071         22
        4078        4065         24
        4228        4200         23
        4235        4235         64
        4310        4310         33
        4341        4341         12
        6149        6149          7
        8136        8136         21
        8523        8523         29
        8831        8831         24
        8890        8890         27

TABLE    : start_time (840)

   ggh4_orig   ggh4_dest      total
        1030        1045         19
        1143        1143          6
        1144        1144         43
        1158        1126         11
        1180        1142         26
        1230        1230         16
        1245        1245         26
        1259        1270         24
        1275        1275          8
        1293        1293         18
        1315        1371         13
        1343        1343         24
        1427        1427         29
        1505        1512         17
        1511        1479         34
        1535        1535         18
        1591        1565         18
        1593        1593         11
        2055        2055         19
        2085        2085         36
        2131        2131         35
        2155        2155         26
        2201        2201         34
        3116        3124         41
        3130        3130         33
        3141        3150          5
        3187        3187         28
        3196        3185         29
        3249        3249         34
        3299        3299          9
        3351        3351         29
        3404        3416         10
        3474        3474         22
        4320        4310         23
        4362        4362         46
        6079        6079         45
        7105        7082         32
        8107        8107         54
        8136        8125         21
        8210        8210         20
        8222        8222          5
        8261        8309         59
        8311        8281         21
        8331        8331         17
        8515        8508         17
        8571        8572         39
        8705        8706         58
        8830        8830          7
        9119        9119         41

TABLE    : start_time (845)

   ggh4_orig   ggh4_dest      total
        1030        1030         19
        1057        1057         15
        1113        1151         17
        1114        1142         21
        1125        1114          8
        1138        1152         69
        1171        1194          6
        1191        4289         43
        1219        1219         46
        1242        1242         18
        1258        1258         39
        1305        1305          5
        1317        1321         59
        1333        1333          7
        1338        1338          9
        1343        1343         23
        1414        1444         33
        1423        1487         83
        1441        1441         16
        1467        1467         22
        1476        1498         23
        1615        1615         29
        2020        2020         29
        2223        2223         12
        2288        2280         25
        2294        2292         10
        3124        3124         16
        3130        3130         30
        3207        3207         23
        3219        3243         10
        3224        3243         13
        3279        3295         40
        3361        3361         25
        3398        3398         46
        4060        4054         15
        4060        4060          8
        4078        4065         24
        4200        4228         46
        4228        4228         35
        4235        4235         31
        4257        4267         15
        4300        4300         14
        4326        4341         20
        4341        4335         14
        4341        4341         18
        4364        4364         30
        5129        5129         22
        5133        5133         17
        5143        5143         20
        5183        5183         16
        6065        6065         37
        6188        6188         27
        7125        7132         40
        8139        8139         10
        8243        8253         53
        8368        8368          9
        9135        9130         30

TABLE    : start_time (850)

   ggh4_orig   ggh4_dest      total
        1138        1152         34
        1147        1171         10
        2134        2134         14
        2150        2150         27
        3120        3110          6
        3130        3130         22
        3405        3406         19
        3470        3470         15
        3474        3474         28
        4023        4020         11
        4029        4029         43
        4043        4035          5
        4164        4164         20
        4272        4272         12
        4278        4278         21
        4285        4285         96
        5010        5010         12
        5188        5188         18
        6050        6050         39
        7060        7065         17
        8366        8366         28
        8815        8815         44
        8830        8830         33

TABLE    : start_time (855)

   ggh4_orig   ggh4_dest      total
        1089        1089         20
        1138        1152         46
        1155        1174         60
        5107        5107         40
        8705        8705         22

TABLE    : start_time (900)

   ggh4_orig   ggh4_dest      total
        1004        1003         67
        1099        1099        116
        1111        1142         37
        1142        1142         15
        1182        1144         28
        1299        1274         55
        1302        1320         44
        1336        1336        220
        1336        1354         55
        1341        1341         29
        1354        1326         40
        1374        1388         15
        1381        1381         51
        1427        1444         37
        1492        1510         38
        2177        2158         19
        2212        2212         62
        3118        3118         11
        3219        3243         11
        3263        3247         19
        3392        3392         25
        4027        4025         27
        4036        4039         50
        4228        4228         34
        4300        4300         18
        4319        4319         20
        4329        4329         21
        4341        4341         11
        5044        5040         21
        5050        5050         14
        5059        5059         42
        5105        5105         29
        5186        5186         15
        6143        6169         16
        7080        7082         28
        7109        7109         21
        8148        8139         26
        8368        8380         31
        8814        8809         11
        8817        8817         42

TABLE    : start_time (905)

   ggh4_orig   ggh4_dest      total
        1177        1152         20
        1321        1333         16
        4105        4105         10
        4200        4200         20
        8384        8380         22
        8413        8413         28

TABLE    : start_time (910)

   ggh4_orig   ggh4_dest      total
        2149        2149         11
        4111        4111         11
        4363        4363         39
        8375        8375         14
        8390        8390         10

TABLE    : start_time (915)

   ggh4_orig   ggh4_dest      total
        1138        1152         79
        1317        1321         43
        8402        8402         53

TABLE    : start_time (920)

   ggh4_orig   ggh4_dest      total
        1111        1111         51
        1125        1152         56
        1598        1615         21

TABLE    : start_time (930)

   ggh4_orig   ggh4_dest      total
        1164        1152         74
        1184        1152         20
        1384        1343         29
        1546        1520         30
        2039        2031         30
        4278        4278         18
        4341        4341         35
        8223        8224         11
        8361        8380         36

TABLE    : start_time (940)

   ggh4_orig   ggh4_dest      total
        1197        1152         60
        2042        2042         29

TABLE    : start_time (945)

   ggh4_orig   ggh4_dest      total
        1138        1122         35

TABLE    : start_time (950)

   ggh4_orig   ggh4_dest      total
        1118        1126         11

TABLE    : start_time (1000)

   ggh4_orig   ggh4_dest      total
        1091        1152         18
        1214        1152         32
        1492        1510         38
        1514        1516         24
        2094        2094         21
        3065        3058         30
        8152        8872         36
        8366        8366         45
        8378        8380         17

TABLE    : start_time (1005)

   ggh4_orig   ggh4_dest      total
        1492        1510         15

TABLE    : start_time (1010)

   ggh4_orig   ggh4_dest      total
        8528        8532         15

TABLE    : start_time (1015)

   ggh4_orig   ggh4_dest      total
        1161        1152         36

TABLE    : start_time (1020)

   ggh4_orig   ggh4_dest      total
        1142        1114         50

TABLE    : start_time (1030)

   ggh4_orig   ggh4_dest      total
        1138        1152         35
        1142        1152         40

TABLE    : start_time (1040)

   ggh4_orig   ggh4_dest      total
        1177        1152         40

TABLE    : start_time (1050)

   ggh4_orig   ggh4_dest      total
        1180        1142         25

TABLE    : start_time (1100)

   ggh4_orig   ggh4_dest      total
        1091        1152         17
        1125        1152          7
        1161        1135         95
        1492        1510         21

TABLE    : start_time (1110)

   ggh4_orig   ggh4_dest      total
        7080        7082         28

TABLE    : start_time (1125)

   ggh4_orig   ggh4_dest      total
        1188        1152         19

TABLE    : start_time (1130)

   ggh4_orig   ggh4_dest      total
        1109        1114         16
        1180        1152         26
        1333        1269         19

TABLE    : start_time (1150)

   ggh4_orig   ggh4_dest      total
        8322        2215         16

TABLE    : start_time (1200)

   ggh4_orig   ggh4_dest      total
        1188        1142         15
        1562        1576         39
        3416        3416         35
        5069        5075         37
        8223        8224         11
        8368        8380         16

TABLE    : start_time (1205)

   ggh4_orig   ggh4_dest      total
        1142        1142         19

TABLE    : start_time (1210)

   ggh4_orig   ggh4_dest      total
        1142        1122         23

TABLE    : start_time (1230)

   ggh4_orig   ggh4_dest      total
        1138        1152         51
        1180        1114         25

TABLE    : start_time (1245)

   ggh4_orig   ggh4_dest      total
        3398        3409         37

TABLE    : start_time (1300)

   ggh4_orig   ggh4_dest      total
        1144        1152         74
        1180        1152         25

TABLE    : start_time (1315)

   ggh4_orig   ggh4_dest      total
        1100        1152         24

TABLE    : start_time (1330)

   ggh4_orig   ggh4_dest      total
        1166        1152          6
        8365        8380         29
        8392        8384         29

TABLE    : start_time (1335)

   ggh4_orig   ggh4_dest      total
        1164        1114         33

TABLE    : start_time (1400)

   ggh4_orig   ggh4_dest      total
        1142        1114         19
        8378        8384         18
        8532        8532         15

TABLE    : start_time (1410)

   ggh4_orig   ggh4_dest      total
        1135        1152         36
        1142        1142         23

TABLE    : start_time (1415)

   ggh4_orig   ggh4_dest      total
        1492        1510         16

TABLE    : start_time (1420)

   ggh4_orig   ggh4_dest      total
        4257        4267         15

TABLE    : start_time (1430)

   ggh4_orig   ggh4_dest      total
        1111        1142          4
        7080        7082         28

TABLE    : start_time (1500)

   ggh4_orig   ggh4_dest      total
        2198        2198         25
        7037        7037         26

TABLE    : start_time (1600)

   ggh4_orig   ggh4_dest      total
        1114        1114         16
        8392        1100         31

TABLE    : start_time (1720)

   ggh4_orig   ggh4_dest      total
        1188        1180         31

TABLE    : start_time (1730)

   ggh4_orig   ggh4_dest      total
        1090        1152         22

TABLE    : start_time (1745)

   ggh4_orig   ggh4_dest      total
        1058        1114         20

TABLE    : start_time (1800)

   ggh4_orig   ggh4_dest      total
        1066        1114         12

TABLE    : start_time (1815)

   ggh4_orig   ggh4_dest      total
        1122        1142         15
        1144        1166          6

TABLE    : start_time (1840)

   ggh4_orig   ggh4_dest      total
        1541        1586          4
