Fri Nov 03 2023 23:02:02 GMT+0000 (Coordinated Universal Time) - Run Time: 2400ms

Cross Tabulation Query Form - Trip - 2016 v1.1

Row: GGHM V4 zone of origin - ggh4_orig
Column: GGHM V4 zone of destination - ggh4_dest
Table: Start time of trip - start_time


Filters:
Day of week trip data were collected - trip_day In 5, 
and
Trip purpose of destination - purp_dest In S, 
and
Primary travel mode of trip - mode_prime In S, 

Trip 2016
ROW : ggh4_orig
COLUMN : ggh4_dest

TABLE    : start_time (600)

   ggh4_orig   ggh4_dest      total
        1508        1508         42

TABLE    : start_time (630)

   ggh4_orig   ggh4_dest      total
        1572        3358         15
        4160        4058         18
        4345        4189         18
        6028        6032         38

TABLE    : start_time (635)

   ggh4_orig   ggh4_dest      total
        1184        3184         18

TABLE    : start_time (640)

   ggh4_orig   ggh4_dest      total
        2304        2299          4

TABLE    : start_time (645)

   ggh4_orig   ggh4_dest      total
        1621        1525         31
        4075        4186         21
        8816        8815         21

TABLE    : start_time (650)

   ggh4_orig   ggh4_dest      total
        3087        1243         14
        4358        4328         14
        4360        4338         39
        9005        9012         22

TABLE    : start_time (655)

   ggh4_orig   ggh4_dest      total
        3225        3080         16
        4027        4074         13
        4246        4228         39
        8820        8834         20

TABLE    : start_time (700)

   ggh4_orig   ggh4_dest      total
        1299        1586         32
        2036        1242         37
        2115        2042         24
        3080        1233         17
        3097        1243         26
        3097        3358         18
        3145        1337         44
        3444        3358         12
        4040        4039         60
        4045        4127         23
        4051        5101         50
        4056        4056         14
        4101        4074         11
        4122        4105         27
        4164        4338         47
        4174        4293         27
        4200        4111          4
        4280        4272         29
        4341        4189         19
        4373        4328         53
        5143        5093         11
        5143        5132         15
        5158        5132         20
        6076        6093         35
        6096        6093         43
        6220        6069         33
        7126        7157         13
        8115        6067         22
        8209        8216         23
        8241        8309         17
        8709        4371         25
        8802        8815         29
        8820        8809         50
        8826        8834         30
        8859        8835         16
        8899        8898         32
        8901        8893        315
        8902        8898         48
        8905        8898         16
        9101        9107          9

TABLE    : start_time (705)

   ggh4_orig   ggh4_dest      total
        3304        3358         46
        3455        3419         18
        4010        8520         19
        4086        4074         24
        4091        4040          8
        4277        4371         25
        4312        4371         19
        4337        4328         12
        7014        7010         20
        7165        7155          7
        8582        8289         43
        8880        8869         20
        8902        8893         32
        9020        9022         20
        9026        9022         29

TABLE    : start_time (710)

   ggh4_orig   ggh4_dest      total
        2034        2047         32
        3050        1243         17
        3118        3080         37
        3377        3317          7
        4041        4129         14
        4095        4111         24
        4151        4181         23
        4200        4293         10
        4254        4287         37
        4273        4228         19
        4315        4293         28
        4335        4189         26
        5065        5061         31
        5113        5135         37
        5143        5132         23
        7004        7010         37
        8811        8815         40
        8829        8834         36
        8837        8834         12
        8880        8865         48
        9106        9111         30

TABLE    : start_time (715)

   ggh4_orig   ggh4_dest      total
        1549        1558         17
        2211        2235         23
        3033        3358         68
        3087        1233          8
        3110        3281          6
        3128        3080         10
        3130        3071         25
        3258        3358         30
        3377        3317         26
        3394        3358         70
        3403        3416         62
        3427        3023         31
        3443        3416         41
        3489        3489         14
        4002        5093         13
        4009        4039         38
        4016        4032         38
        4051        4094         19
        4064        4039         25
        4082        4028         47
        4088        1119         70
        4128        4173          8
        4148        4124        110
        4162        4204         18
        4260        4177         81
        4267        4186          9
        4298        4293         30
        4307        4328         10
        4315        4293         57
        5109        5132         16
        5129        3094         26
        6118        6096         57
        7014        7010         30
        7046        7037         17
        7060        7033         21
        7167        7155         62
        8258        8255         49
        8292        8255         35
        8708        4371         16
        8818        8828         21
        8827        8826         28
        8835        8830         27
        8887        8865         42
        9015        9012         14
        9101        9107        103

TABLE    : start_time (720)

   ggh4_orig   ggh4_dest      total
        2004        2002         18
        2013        2004         35
        2013        2023         35
        2115        2055         12
        2213        2201         65
        3165        3071          8
        3197        3358         64
        3280        3281         23
        3398        3416         28
        3415        3419         13
        3425        3358         30
        4011        4074         33
        4067        4046         18
        4117        4005         54
        4117        4102         13
        4133        4039         18
        4148        4124         21
        4151        4273         21
        4196        4377         30
        4277        4228         66
        4277        4266         12
        4299        4328         16
        4312        4328         19
        4324        4273         20
        4330        4267         37
        5112        5093         27
        5112        5135         27
        5113        5135         21
        5183        5192         17
        6047        6059          8
        6070        6093         44
        6230        6232         43
        7004        7004         76
        7004        7010         68
        8156        8125         18
        8253        8252         40
        8255        8252         20
        8368        8392         12
        8417        8427         16
        8521        8289         32
        8704        4371         36
        8821        8828         38
        8828        8831         33
        8835        8830         38
        8835        8863         65
        8849        8835         39
        8851        8826         19
        8858        8869        126
        9009        9131         39

TABLE    : start_time (724)

   ggh4_orig   ggh4_dest      total
        4283        4228         13

TABLE    : start_time (725)

   ggh4_orig   ggh4_dest      total
        1165        1424         57
        3056        3006         51
        3187        3269         32
        3228        3135         16
        3237        3257          8
        3346        3358         21
        3425        3416          5
        3426        3429         43
        4099        4111          8
        4148        4147         30
        4151        4160         21
        4228        4272         37
        4246        4177         14
        4273        4251         10
        4329        4272         61
        5074        4011         72
        5150        5162          9
        5183        5194         43
        6077        6093         27
        7018        7010          7
        7046        7045         29
        7060        7067        109
        8255        8252         16
        8255        8289         31
        8268        8333         52
        8279        8319         59
        8281        8264         21
        8361        8289         21
        8827        8826         17
        8835        8830         25
        8860        8869         13
        9023        9022         11
        9102        9107          9
        9146        9123         24

TABLE    : start_time (730)

   ggh4_orig   ggh4_dest      total
        1015        1119         11
        1146        1191         67
        1176        1116         10
        1222        4002         28
        1273        1146         11
        1304        1326         31
        1343        1259         21
        1436        1564         26
        1466        1482         16
        2004        2002         25
        2031        2042          8
        2094        2121         26
        2103        2055         22
        2111        2141          9
        2121        2055         14
        2124        2098         12
        2143        1232         39
        2177        2139         22
        2204        2174         29
        2221        2192          8
        3033        3006         20
        3034        3202         16
        3061        3071         34
        3097        8121         11
        3116        3202         17
        3144        3071         16
        3144        3126         26
        3170        3121         13
        3170        3257         16
        3173        3358         11
        3177        1537         43
        3181        3355         29
        3212        3195         36
        3217        3269         23
        3223        3206         19
        3235        3355         52
        3258        3202         32
        3266        3247         22
        3273        3302         35
        3285        3255         39
        3293        3247         24
        3293        3302         35
        3299        3302         10
        3318        3317         16
        3318        3358         20
        3330        3317         25
        3341        3317         32
        3345        3317         39
        3364        3288         51
        3392        3358         57
        3426        3023         16
        3431        3429         84
        3446        3398         45
        4012        4011         10
        4019        1606        104
        4023        4030         47
        4023        4039         18
        4023        4069         18
        4027        4074         37
        4040        4028         27
        4045        4042         18
        4052        4005         30
        4061        4061          8
        4061        4129         73
        4066        4028         20
        4067        4057         32
        4084        4061         67
        4086        4057         24
        4089        4028         14
        4091        4028         19
        4123        4057         27
        4134        4094         15
        4162        4171         48
        4162        4181         31
        4164        4177          3
        4174        4177         12
        4177        4181         15
        4199        4111         46
        4200        4273         19
        4224        4177         13
        4235        4177         18
        4254        4266         33
        4259        4297          6
        4277        4228         55
        4277        4266         23
        4280        4328          7
        4283        4266         13
        4285        4245         25
        4313        4285         14
        4320        4310         55
        4326        4272         41
        4335        4286         21
        4362        4370         16
        4366        4374        124
        5049        5061         17
        5049        5074         37
        5055        5054         11
        5055        5068         11
        5058        5074         15
        5066        5074         26
        5084        5061         13
        5084        5073          8
        5096        5093         38
        5101        5075         18
        5107        5075         13
        5133        1393         27
        5148        5076         25
        5173        5195          4
        5183        5192         12
        6019        6048         31
        6019        6105         31
        6059        6059         97
        6073        6059         40
        6088        6093         31
        6089        6050         26
        6089        8121         47
        6111        6111         35
        6132        6041         30
        6230        6227         53
        7009        7010         12
        7030        7003         38
        7045        7045         10
        7079        7099         39
        7084        7083        132
        7141        7155         63
        7145        7157         27
        7163        7155         21
        8105        8107          9
        8107        6206          9
        8107        8125         10
        8156        8139         18
        8238        8264         33
        8238       17625         29
        8253        8263         15
        8259        8289         21
        8272        8252         29
        8282        8333         25
        8342        8255         19
        8361        8289         21
        8377        8397          4
        8381        8319         31
        8413        8390        135
        8417        8427         25
        8424        8427         50
        8425        8427         19
        8526        8530         14
        8812        8809         12
        8815        8806        105
        8818        8815         87
        8820        8826         28
        8827        8826         30
        8834        8840         26
        8835        8830         45
        8837        8840         36
        8842        8840         54
        8843        8885         27
        8849        8835         78
        8867        8869         45
        8879        8869         61
        8890        8862          5
        8903       17576         19
        9123        9107         44

TABLE    : start_time (735)

   ggh4_orig   ggh4_dest      total
        1234        1427         21
        2078        2031         92
        2094        2037         15
        2175        2132         41
        2299        2292         12
        3179        3195          9
        3228        3147         20
        3330        3317         19
        4080        4129         11
        4111        4121         14
        4143        4143         30
        5076        5075         25
        5107        5093         16
        5130        5074         33
        5158        5135         51
        6230        6227         43
        7037        7037         48
        7046        7037         29
        7053        7067         24
        7079        7039         45
        8238        8264         14
        8238        8281         19
        8239        8309          5
        8253        8264        125
        8271        8264         60
        8582        8525         43
        8821        8806         67
        8834        8840         18
        9101        9101          9
        9106        9131          9
        9148        9147          6

TABLE    : start_time (740)

   ggh4_orig   ggh4_dest      total
        1295        1031         26
        1302        1320         36
        1354        1481         61
        1431        1484         24
        2097        2141         25
        2205        2198         28
        2269        2235         25
        2299        2299         21
        3248        3147          9
        3258        3116         25
        3258        4030         25
        3266        3247         37
        3336        3334         16
        3345        3317         17
        3443        3429         45
        4022        4002         42
        4032        4046         47
        4034        4074          7
        4089        4105         12
        4099        4129         26
        4111        4124         25
        4138        4189         12
        4200        4186         19
        4272        4278         57
        4325        4330         32
        4341        4285          5
        4362        4374         20
        5022        5003         13
        5053        5074         16
        5054        5051         35
        5094        5074         55
        5175        5189         15
        5191        5180          4
        6031        6041         39
        6068        6059         41
        6100        6088         18
        6182        6149        104
        6232        6177         26
        6233        6214         23
        7076        7083         20
        7078        7039         13
        7168        7037         64
        8105        8125         40
        8238        8264         14
        8310        8321         19
        8531        8528         36
        8597        8601          5
        8711        8705         14
        8827        8826         64
        8830        8835         27

TABLE    : start_time (745)

   ggh4_orig   ggh4_dest      total
        1015        4038          6
        1136        1119         38
        1273        1031         11
        1306        1578         31
        1381        1381         19
        1466        1534         43
        1525        1525         22
        2010        2041         51
        2078        2036         44
        2189        2246         21
        2206        2138         24
        2258        2256         31
        3177        3160         13
        3210        3195         17
        3258        3116         58
        3288        3293         29
        3330        3358         13
        3362        3364         21
        4067        4057         22
        4076        4038         31
        4091        4061         29
        4105        4069          7
        4122        4061         18
        4160        4128         13
        4181        4228          4
        4228        4307         16
        4255        4186         31
        4302        4274         24
        4307        4328         21
        4315        4285         29
        4326        4330         31
        4331        4341         38
        4340        4341         53
        4344        4371          9
        4375        4370         73
        5059        5034         23
        5076        5069          6
        5076        5076         13
        5082        5051         16
        5101        5101         25
        5143        5132         27
        5183        5194         19
        6232        6177         26
        7033        7037         54
        7033        7039         15
        7037        7037         46
        8134        8107         79
        8238        8264         12
        8255        8259         15
        8265        8263         23
        8410        8390         75
        8579        8572         73
        8803        9010         20
        8835        8856         17
        9014        9010         23
        9017        9012         23
        9104        9131         22
        9123        9146         49

TABLE    : start_time (749)

   ggh4_orig   ggh4_dest      total
        2090        2157         66

TABLE    : start_time (750)

   ggh4_orig   ggh4_dest      total
        1433        1328         40
        1466        1482         47
        1594        1565         10
        1624        1525         87
        2013        2013         57
        2014        2013         44
        2014        2042         13
        2188        2192         26
        2224        2196         16
        2224        2246         16
        2258        2222         38
        2258        2256         15
        2310        2310         29
        3067        3050         31
        3180        3166         17
        3229        3288         40
        3258        3116         25
        3258        3235         25
        3379        3375         23
        3381        3389         11
        4040        4035         22
        4040        4040         15
        4053        4064         64
        4064        4060         25
        4091        4061         30
        4101        4059         12
        4133        4121         24
        4173        4174         15
        4313        4285         17
        4333        4279         36
        4340        4310         12
        5003        5024         39
        5011        5024         56
        5038        5024         53
        5038        6069         53
        5053        5102         16
        5054        5051         16
        5133        5132         20
        6155        6120         96
        7058        7073         43
        7065        7093         14
        7069        7093         21
        8130        8105         33
        8156        8139          9
        8211        8210         12
        8308        8288         22
        8406        8390         59
        8505        8520          4
        8565        8577         13
        8582        8568         35
        8592        8592         15
        8904        8907          4
        9010        9012         55

TABLE    : start_time (755)

   ggh4_orig   ggh4_dest      total
        1021        3023         36
        1123        1150         16
        1217        1246          8
        1302        1341         36
        1425        1411         35
        2074        2037          7
        2090        2157         34
        2198        2157         20
        2235        2097         45
        2304        2292         67
        3128        3006         19
        3303        3265         20
        3407        3416         17
        3476        3473         18
        4029        4005         55
        4067        4057         26
        4091        4061         13
        4148        4138         35
        4326        4330         36
        4331        4341         27
        4340        4310         10
        4340        4341         12
        5061        5074         24
        7010        7003         93
        7075        7093         31
        8235        8210         51
        8268        8303         54
        8304        8340         16
        8520        8577         14
        8579        8596         36
        8587        8572         36
        8830        8830         45
        8830        8835         18
        8883        8885         45
        8902        8892         53
        8902        8898         53
        9148        9135          6

TABLE    : start_time (800)

   ggh4_orig   ggh4_dest      total
        1002        1185         12
        1009        1006         11
        1169        1186         15
        1188        1171         33
        1211        1233          8
        1216        1185         21
        1271        1235         27
        1283        1215          8
        1299        1167         16
        1299        1235         47
        1339        1331         29
        1353        1348          6
        1353        1411          4
        1371        1409         28
        1378        1378         34
        1381        1301         82
        1393        1393         22
        1411        1219         88
        1424        1440         12
        1485        1535         24
        1495        1586         28
        1520        1571          4
        1607        1484         39
        1617        1507         33
        1624        1525         61
        2004        2013         19
        2009        2002         20
        2009        2042         20
        2013        2004         13
        2020        2036         39
        2037        2094          8
        2042        2005          9
        2067        2097         20
        2074        2037         77
        2107        2155         20
        2150        2202         69
        2189        2222         52
        2189        2256         52
        2198        2097         36
        2204        2201         24
        2235        2143         61
        2292        2292         39
        2315        2295         15
        3034        3097         16
        3087        3051         14
        3097        3358         18
        3145        3153         28
        3150        3171         21
        3189        3020         21
        3223        3206         29
        3228        3087         16
        3243        3282          7
        3268        3216         77
        3275        3269         37
        3292        3279         39
        3303        3303         56
        3304        3304         26
        3345        3348         34
        3369        3358         22
        3405        3404         26
        3407        3404         51
        3431        3431         84
        3488        3466         50
        4009        5093          9
        4014        4021         34
        4034        4062          7
        4036        4032         40
        4038        4074         16
        4043        4074         16
        4053        4117          7
        4053        5139         30
        4075        4057         19
        4099        4097         34
        4117        4102         27
        4128        4142          8
        4214        4191          5
        4232        4224         52
        4246        4224         32
        4251        5074         19
        4254        4244         33
        4298        4235         32
        4299        4371         22
        4331        4341         19
        4333        4341         12
        4335        4235         18
        4342        4341         21
        4366        4370         18
        4367        4367         45
        4370        4331         10
        4370        4367         21
        4376        4367         21
        5045        5046         26
        5058        5066         15
        5059        5054         14
        5061        5066         24
        5076        5069         15
        5092        5075         44
        5127        5154         18
        5130        5095         27
        5148        5132         24
        5183        5194         31
        6029        6031         56
        6046        6050         30
        6084        6031         45
        6094        6059         52
        6130        6061         20
        6198        6140         39
        6208        6219         30
        6232        6227        105
        6233        8281         72
        7004        7004         87
        7016        7016         21
        7028        7033        136
        7045        7046         41
        7063        7087         12
        7126        6032          8
        7126        7145         33
        7145        7145         17
        7151        7159         39
        7157        7154         32
        7159        7155         54
        8107        8125         14
        8136        8125         41
        8153        8139         10
        8211        8210         26
        8220        8210         51
        8238        8254         23
        8248        8421         15
        8281        8264         68
        8319        8308         44
        8340        8321         12
        8340        8397         18
        8417        8309         30
        8515        8520         44
        8526        8572         14
        8527        8541         37
        8529        8395         31
        8529        8534         18
        8579        8594          6
        8587        8572         97
        8594        1171         20
        8595        8596         39
        8602        8596         21
        8701        8702         19
        8708        8705         58
        8711        8710         48
        8712        8710         16
        8810        3292         21
        8811        8806         35
        8837        8840         17
        8871        8885         68
        8916        8907         35
        9005        9010         31
        9015        9018         14
        9120        9120         40
        9124        9135        149

TABLE    : start_time (805)

   ggh4_orig   ggh4_dest      total
        1070        1156         23
        1282        1423         10
        1526        1434         23
        2094        2055         25
        2198        2157         20
        2309        2311         64
        3044        3058         46
        3175        3190         11
        4214        4191         23
        4375        4370         21
        5045        5024         29
        5127        5132         36
        5127        5154         73
        6179        6179          9
        7009        7014         45
        7073        7073         14
        7084        7062         13
        8108        8125         39
        8156        8156          6
        8247        8243         33
        8410        8389         31
        8529        8572         18
        8534        8572          5
        8536        8534         30
        8544        8541         32
        8590        8594         19
        8701        8701         15
        8702        8709         24
        8835        8830         19
        8887        8863         15
        8887        8890         72
        9020        9020         20

TABLE    : start_time (810)

   ggh4_orig   ggh4_dest      total
        1015        1022         19
        1323        1265         13
        1359        3023         56
        1372        1341         14
        1494        1436         39
        1599        1603          8
        1624        1562         13
        2078        2013         31
        2103        2115         20
        2198        2156         32
        3057        3058         11
        3087        3051         14
        3114        3055         16
        3137        3055         22
        3166        3190         13
        3231        3229         20
        3265        3272         40
        3381        3391         46
        4061        4061          8
        4072        4057         17
        4083        4066         44
        4101        4069         21
        4186        3023         25
        4221        2223         23
        4311        4320         12
        5046        5040         17
        5054        5040         17
        5076        5069         24
        5080        5074         22
        5137        5122         46
        5190        5180         19
        6206        6198         34
        6214        6179         25
        7073        7073         18
        7073        7145         18
        7168        7037         29
        8105        8104          8
        8105        8108         10
        8105        8156         11
        8107        8125         48
        8107        8144          8
        8108        8147         52
        8156        8156         18
        8220        8211         25
        8238        8243         36
        8268        8282         36
        8268        8415         36
        8399        8364        102
        8410        8413         33
        8420        8387         24
        8519        8508         36
        8594        8560         50
        8597        8576         14
        8601        8601         34
        8701        8701         12
        8701        8702         23
        8807        8807         14
        8815        8815          7
        8851        8839         21
        9009        9008         16

TABLE    : start_time (812)

   ggh4_orig   ggh4_dest      total
        3160        3150          5

TABLE    : start_time (815)

   ggh4_orig   ggh4_dest      total
        1081        1103         14
        1125        1096         12
        1207        1162         88
        1223        1212         25
        1341        1563         67
        1396        1467         78
        1423        1443         76
        1492        1452         38
        1509        1535         44
        1552        1552         23
        1603        1603         14
        1617        1507         23
        2009        1128         13
        2009        2004         47
        2095        2131          9
        2181        2196         60
        2269        2235         21
        2292        2294         25
        2302        2295          4
        2311        2311         25
        3127        3147         28
        3171        3150         73
        3214        3220         12
        3303        3303         16
        3384        3391         53
        3472        3466         20
        4040        4040         12
        4091        4127         46
        4210        4224          6
        4243        4245         28
        4266        4280         66
        4324        4285         13
        4332        4332         43
        5051        5054         73
        5054        5034         16
        5183        5195         38
        5188        5195         20
        6056        6097         46
        6133        6098         52
        6215        6108         32
        6235        6191         26
        7067        7069         43
        8116        8107         32
        8130        8139         62
        8130        8148         33
        8154        8147         23
        8211        8235         26
        8268        8281         92
        8340        8281         40
        8587        8587         49
        8712        8712          7
        8807        8807         14
        8835        8835          9
        8842        8834         29

TABLE    : start_time (817)

   ggh4_orig   ggh4_dest      total
        3488        3474         39

TABLE    : start_time (820)

   ggh4_orig   ggh4_dest      total
        1302        1341         11
        2009        2004         27
        2009        3247          8
        2020        2041         17
        2157        2157         46
        2175        2175         19
        2181        2181         17
        2194        2158         12
        2283        2295         11
        3177        3202         75
        3179        3055          5
        3258        3258         19
        3318        3372         17
        3334        3343         40
        4128        4181         26
        4166        4186         10
        4287        4274         12
        4363        4344         13
        5058        5053         24
        5116        5102         73
        5183        5195         12
        5186        5195         18
        6044        6053         32
        6057        6105         47
        6070        6076         44
        7045        7046         69
        7058        7071         43
        7078        7130         13
        7119        7082         50
        8325        8281         45
        8516        8572         31
        8523        8528         37
        8527        8541         24
        8536        8524         17
        8595        8587         16
        8603        8596         17
        8701        8702         31
        8840        8861         54
        8843        8885         25
        8916        8907         31

TABLE    : start_time (825)

   ggh4_orig   ggh4_dest      total
        1046        1124         28
        1421        5132         40
        2085        2042         15
        2090        2065         66
        2157        2157         19
        2169        2158         35
        2269        2235         21
        4019        4011         21
        4059        4059         21
        4071        4054         17
        4277        4289        131
        5011        5050         21
        5091        5095         42
        5183        5195         34
        7018        7010        107
        7030        7023          6
        7073        7073         26
        7079        7130         26
        8238        8281         23
        8273        8268         33
        8366        8381         30
        8520        8572         29
        8596        8596         15
        8704        8702         36
        8708        8710         38
        8814        8810         38
        8830        8835         33
        8834        8833         29
        8843        8843         27
        8851        8827         19
        8872        8869         27
        8887        8887         42
        9005        9005         31

TABLE    : start_time (827)

   ggh4_orig   ggh4_dest      total
        8832        8830         41

TABLE    : start_time (830)

   ggh4_orig   ggh4_dest      total
        1060        1096          5
        1241        1245         17
        1285        1271          6
        1302        1341         37
        1387        1366         10
        1409        1378          7
        1418        1418         19
        1483        1443         30
        1552        2036         28
        1562        2036         13
        1569        1553         31
        1631        1631         11
        2074        1554         22
        2085        2036         36
        2094        1620         35
        2118        2156          4
        2131        2157         46
        2141        2036         13
        2221        2246          8
        2241        2235         17
        2292        2292         20
        3114        3187         12
        3116        3094         15
        3117        3066         10
        3135        3135         22
        3180        3155         35
        3187        3155         11
        3216        3226         30
        3227        3227         20
        3249        3243         22
        3259        3243         23
        3281        3276         30
        3282        3247         20
        3295        3257         26
        3307        3303         17
        3356        3381         33
        3369        3372         34
        3394        3296         15
        3455        3427         72
        3462        3427          7
        3472        3466        140
        3473        3466         28
        4005        4011         20
        4035        4030         34
        4067        4094         28
        4084        4117         60
        4174        4174         39
        4244        4255         10
        4255        4280         31
        4298        4310         10
        4326        4259         13
        4370        4367         60
        5129        5102         68
        5139        5132         17
        5183        5195         37
        5188        5183         24
        6085        6105         19
        6126        6132         80
        6131        6111         11
        6148        6127        101
        6170        6175         34
        7004        7004         19
        7076        7076         39
        7083        7070         39
        7087        7099         34
        7116        7099         40
        7145        7145         55
        7151        7151         42
        7154        7145         33
        7157        7126         31
        7168        7037         29
        8144        8139        115
        8238        8281         13
        8256        8252         47
        8513        8508         25
        8583        8576         31
        8591        8596         45
        8704        8706         28
        8709        8709         56
        8820        8820         28
        8827        8827         12
        8828        8828         30
        8883        8883         82
        8886        8885         75
        8887        8885         64
        8895        8892         21
        8902        8898         18
        8908        8914        112
        9011        9005         33
        9106        9120         10
        9120        9125         18

TABLE    : start_time (835)

   ggh4_orig   ggh4_dest      total
        1496        1506         16
        2223        2174         25
        3223        3223         19
        3258        3258         30
        4226        4244          8
        4268        4267         28
        5084        5084         61
        7079        7095         23
        8272        8347         29
        8410        8401         31
        8842        4370         24
        8918        8916          4
        9109        9119         52

TABLE    : start_time (836)

   ggh4_orig   ggh4_dest      total
        8284        8308         18

TABLE    : start_time (840)

   ggh4_orig   ggh4_dest      total
        1198        1212        120
        1302        1582         13
        1466        1460         46
        3223        3223         82
        3237        3227         21
        3243        3259          7
        3388        3391         61
        4260        4235         58
        4265        4285         54
        4298        4310         31
        4319        4338         27
        4329        4331         26
        5022        5044         26
        6031        8855         25
        6073        6073         94
        6094        6094         77
        7076        7077         39
        8154        8127         23
        8400        8301         22
        8520        8528         41
        8802        8802         29
        8826        8826         37
        8833        8839         20
        9002        9004         25
        9112        9112         22

TABLE    : start_time (845)

   ggh4_orig   ggh4_dest      total
        1479        1457         26
        1480        1488          5
        1518        1564         27
        2066        2036         30
        2192        2149         34
        2241        2235         23
        3343        3296         20
        3350        3296         27
        3441        3427         12
        4082        4054         47
        4174        4146         16
        4307        4289         21
        4335        4335         11
        5036        5025         20
        5049        5073         19
        5082        5073         80
        5107        5107         44
        5148        5148         18
        5159        5148         20
        5182        5186         28
        5202        5193         64
        6047        6065         16
        6068        6068         41
        6078        6073         42
        6204        6181        132
        7094        7099         42
        7095        7130         38
        7134        7089        134
        7153        7158         29
        8417        8428         25
        8513        8528         71
        8515        8528         35
        8806        8813         29
        8892        8902         31
        8901        8901        105
       17851       16349         33

TABLE    : start_time (850)

   ggh4_orig   ggh4_dest      total
        1537        1508         11
        3488        3488         27
        4287        4300         12
        4307        4289          9
        4337        4358         12
        4366        4367         10
        5065        5065         42
        5182        5186         12
        7151        7137         20
        7165        7165         45
        7168        7168         11
        8245        8245         43
        8903        8911         19

TABLE    : start_time (855)

   ggh4_orig   ggh4_dest      total
        1603        2036        164
        3197        3087         53
        4299        4363         22
        5129        5105         40
        6073        6073         40
        6077        6061         27
        8119        8139         12
        8151        8147         48
        8153        8139          8

TABLE    : start_time (900)

   ggh4_orig   ggh4_dest      total
        3056        3050         25
        3477        3488         24
        4089        4037         14
        4283        4228         23
        4283        4289         12
        4305        4338          9
        4360        4358         16
        5112        5124         27
        5124        5124         21
        5143        5124         18
        5143        5148         11
        6107        6082        121
        6123        6096        136
        7145        7145         34
        8366        8381         38
        8393        8391          3
        8596        8596         19
        8816        8816          7

TABLE    : start_time (910)

   ggh4_orig   ggh4_dest      total
        3235        3185         17

TABLE    : start_time (915)

   ggh4_orig   ggh4_dest      total
        5143        5143         13

TABLE    : start_time (930)

   ggh4_orig   ggh4_dest      total
        3128        3118         19
        4278        4280         15
        5094        5107         28

TABLE    : start_time (950)

   ggh4_orig   ggh4_dest      total
        1594        1533         22

TABLE    : start_time (1000)

   ggh4_orig   ggh4_dest      total
        9012        9012         47

TABLE    : start_time (1300)

   ggh4_orig   ggh4_dest      total
       17483        1103         20

TABLE    : start_time (1350)

   ggh4_orig   ggh4_dest      total
        2130        1186         15

TABLE    : start_time (1440)

   ggh4_orig   ggh4_dest      total
        8241        8309          9

TABLE    : start_time (1520)

   ggh4_orig   ggh4_dest      total
        5054        5051         20

TABLE    : start_time (1900)

   ggh4_orig   ggh4_dest      total
        1354        3153         43
