Thu Nov 02 2023 15:18:26 GMT+0000 (Coordinated Universal Time) - Run Time: 5700ms

Cross Tabulation Query Form - Trip - 2016 v1.1

Row: GGHM V4 zone of origin - ggh4_orig
Column: GGHM V4 zone of destination - ggh4_dest
Table: Start time of trip - start_time


Filters:
Day of week trip data were collected - trip_day In 1, 
and
Trip purpose of destination - purp_dest In S, 
and
Primary travel mode of trip - mode_prime In B, 

Trip 2016
ROW : ggh4_orig
COLUMN : ggh4_dest

TABLE    : start_time (530)

   ggh4_orig   ggh4_dest      total
        4340        8380         13
        6123        1258         37

TABLE    : start_time (545)

   ggh4_orig   ggh4_dest      total
        4062        1560         37

TABLE    : start_time (550)

   ggh4_orig   ggh4_dest      total
        4280        5101         18

TABLE    : start_time (600)

   ggh4_orig   ggh4_dest      total
        1052        1114         14
        1081        1142         64
        1081        1576         64
        1285        3355         43
        1423        1076         25
        1520        1138         21
        2009        2140         31
        2032        1510         25
        2085        2215         35
        3015        1586         10
        3075        1213         21
        3180        1076         21
        3330        1376         42
        4071        1510         26
        4084        1510         26
        4293        5101         27
        4298        1303         21
        8704        4164         62
        8898        8872         55

TABLE    : start_time (610)

   ggh4_orig   ggh4_dest      total
        3321        1129         16

TABLE    : start_time (615)

   ggh4_orig   ggh4_dest      total
        1012        1376         52
        4257        1142         13

TABLE    : start_time (620)

   ggh4_orig   ggh4_dest      total
        4340        1213         16

TABLE    : start_time (630)

   ggh4_orig   ggh4_dest      total
        1002        1510         35
        1088        1385         12
        1142        1376         11
        1200        1114         31
        1204        1376        124
        1302        4164         56
        1415        1114         13
        1431        1003          9
        1467        1554         40
        1481        1125         15
        1498        1114         42
        1498        1510         21
        1546        1585         12
        1585        1172         16
        1617        1142         35
        2149        9138         19
        3272        1560         29
        3330        1213         32
        4014        1376         39
        4053        5101         23
        4080        8532         30
        4151        1376         39
        4163        4279         18
        4224        1111         71
        4274        8136         68
        5107        1172         16
        5107        1278         16
        6054        6140         64
        8255        5101         31
        8290        8333         36
        8381        8253         19

TABLE    : start_time (635)

   ggh4_orig   ggh4_dest      total
        1043        1510         49
        3135        1122         49

TABLE    : start_time (640)

   ggh4_orig   ggh4_dest      total
        2134        9138         32

TABLE    : start_time (645)

   ggh4_orig   ggh4_dest      total
        1006        1510         39
        1070        1114         15
        1258        1287         28
        1275        1416         37
        1326        1135         21
        1423        1586         16
        1598        1152         50
        2085        1385         35
        3019        1091         18
        4045        1510         27
        4061        1152         25
        4073        6140         12
        4107        4114         71
        4274        4297         25

TABLE    : start_time (650)

   ggh4_orig   ggh4_dest      total
        1616        1258         11
        4030        1510         40
        7159        7037         48

TABLE    : start_time (655)

   ggh4_orig   ggh4_dest      total
        8281        8333         26

TABLE    : start_time (700)

   ggh4_orig   ggh4_dest      total
        1030        1122         46
        1030        1357         46
        1031        1142         90
        1043        1576         21
        1049        1030          7
        1065        1487         25
        1131        1243         40
        1134        1114          6
        1211        1510         31
        1216        1003         67
        1246        1374         25
        1290        1114         30
        1338        1142         23
        1338        1510         23
        1341        1392         24
        1342        1554         65
        1346        1317         31
        1371        1510          5
        1381        1317         25
        1382        1142         48
        1391        1213         17
        1423        1335         30
        1457        1242          9
        1457        1560         55
        1467        1114         32
        1490        1586         25
        1511        1242         46
        1511        1392         27
        1514        1142         15
        1520        1152         26
        1533        1142         39
        1542        1142         72
        1552        1475         36
        1553        1582         32
        1568        1114          7
        1590        1142         17
        1594        1076         34
        1594        1510         14
        1615        1114         15
        1626        1392         19
        1628        1114         24
        2055        2215         28
        2095        2215         46
        3033        1243         37
        3055        3121          8
        3166        1152         12
        3272        1510          6
        3273        3208         29
        3273        3281         94
        4020        6200         54
        4076        1152         44
        4114        1213         17
        4199        4293         70
        4257        1376         20
        4262        4328         10
        4273        1510         26
        6056        6200         64
        6206        6140         22
        7079        7082         19
        7133        7132         23
        7162        7082         29
        8340        8253         32
        8364        8253         15

TABLE    : start_time (705)

   ggh4_orig   ggh4_dest      total
        1187        1122         37
        1303        1510         20
        4317        1510         14
        8268        8353         20
        8279        8333         18

TABLE    : start_time (710)

   ggh4_orig   ggh4_dest      total
        1240        1119          8
        1242        1114         74
        1326        1142         32
        1382        1620         69
        1425        1517         37
        1428        1114         14
        1442        4025         27
        1528        1152         23
        1538        1152         18
        1625        1111         18
        3280        1586         37
        3288        3281         10
        4053        4012         33
        4059        4105         16
        4060        4046         23
        4221        4328          9
        7046        7037         31
        7095        7082         21
        8248        8253         23

TABLE    : start_time (715)

   ggh4_orig   ggh4_dest      total
        1188        1510         40
        1239        1491         41
        1276        1188         38
        1291        1114         16
        1309        1554         25
        1314        1167         11
        1340        1242         16
        1367        1392         30
        1369        1343          5
        1376        1243          8
        1485        1205         54
        1498        1510         18
        1521        1341         15
        1589        1510         29
        1615        1142         23
        1615        1578         23
        2074        2215         51
        3118        1510         60
        3258        1172         74
        4027        1152         27
        4070        6200         37
        4076        1083         28
        4095        4025         40
        4134        1152         17
        4134        1376         23
        4134        4127         21
        4228        4287         26
        4274        9010         25
        4286        4287         19
        4341        4164         23

TABLE    : start_time (720)

   ggh4_orig   ggh4_dest      total
        1024        1243         17
        1239        1128         41
        1253        1126         13
        1274        1306         36
        1360        1333         10
        1423        1353         23
        1443        1212         37
        1485        1129         74
        1516        1510         37
        1520        1406         16
        2156        2169         51
        3145        1376         12
        3179        4030          6
        4051        4127         61
        4062        4032         29
        4147        4025         22
        4262        4278         16
        4330        4341         17
        5096        4025         38
        8865        8869         43

TABLE    : start_time (725)

   ggh4_orig   ggh4_dest      total
        1425        1517         25
        1615        1142         40
        3219        1122         33
        5059        6200         38

TABLE    : start_time (730)

   ggh4_orig   ggh4_dest      total
        1002        1022          6
        1022        1003         18
        1024        1245         14
        1048        1114         23
        1062        1193         21
        1114        1333         13
        1149        1175         10
        1188        1128        125
        1197        1022          5
        1201        1003         25
        1204        1041         30
        1207        1003         49
        1219        1142         54
        1232        1119         19
        1234        1166         30
        1236        1554         92
        1246        1003          9
        1249        1003         35
        1252        1354         24
        1274        1114         17
        1291        1510         29
        1299        1076         53
        1302        1406         56
        1302        1500         12
        1317        1259         73
        1333        1128         27
        1334        1243         21
        1336        1333         52
        1340        1205         12
        1341        1152         18
        1353        1353          9
        1361        1510         15
        1370        1214         20
        1378        1226          7
        1415        1381         72
        1425        1411         85
        1441        1517         13
        1449        3184         37
        1463        1447         32
        1480        1448          5
        1487        1212         32
        1520        1152         18
        1540        1114         11
        1541        1597         18
        1545        1585         31
        1553        1491         13
        1563        1392         10
        1563        1510         26
        1565        1620         12
        1594        1197         87
        1617        1562         64
        1620        1500         29
        1631        1586         35
        2009        1510         18
        2009        1562         62
        2227        2169         32
        3060        1510         24
        3069        1455         19
        3069        1557         19
        3089        3283         16
        3130        1376         16
        3130        1554         16
        3185        3269         31
        3231        1586          9
        3235        3257          5
        3242        3202         37
        3273        3285         21
        3276        1510         51
        3285        3249         19
        3288        3285          7
        3350        3369         15
        3392        3373         11
        3399        1142         32
        4057        1122         15
        4062        4074         37
        4089        4059         16
        4098        4127         22
        4135        4189         26
        4174        4025          9
        4197        4177        139
        4200        4273         10
        4235        4297         28
        4246        4245         19
        4272        1586         11
        4316        8806         97
        5024        5036         62
        5069        6200         30
        5084        6200         20
        5143        5162          7
        6046        6177         33
        6056        6114         64
        6100        6200         29
        8248        8264         33

TABLE    : start_time (735)

   ggh4_orig   ggh4_dest      total
        1046        1114         16
        1089        1003         51
        1246        1146         33
        1258        1226         26
        1264        1152        144
        1283        1510         38
        1375        1152         27
        1413        1129          9
        1538        1467         16
        1564        1510         56
        1599        1578         24
        5076        5075         11
        5133        5132         14
        6131        6093         43
        8271        8253          8
        8566        8532         33

TABLE    : start_time (740)

   ggh4_orig   ggh4_dest      total
        1024        1185         34
        1024        1245         34
        1062        1022         24
        1131        1189         21
        1215        1194          5
        1253        1306         15
        1265        1305         49
        1285        1271         13
        1331        1128         32
        1355        1306         42
        1361        1283          4
        1520        1597         10
        1574        1467         21
        3227        3202         37
        4043        4084         20
        4081        4105         22
        6137        6200        104
        7095        7082        113
        8129        8122         46
        8357        8366         24
        8527        8532         34

TABLE    : start_time (745)

   ggh4_orig   ggh4_dest      total
        1001        1003         11
        1031        1146         17
        1118        1197         11
        1137        1126         15
        1137        1177         15
        1188        1128        125
        1215        1189         20
        1243        1317         37
        1251        1126         31
        1272        1022         17
        1273        1335         39
        1275        1226         37
        1329        1337         20
        1334        1503         14
        1380        1402         52
        1396        1152         19
        1423        1353         15
        1425        1335         39
        1512        1491         15
        1547        1618         15
        1553        1615         29
        1562        1562         27
        1562        1586         13
        1626        1565         19
        2227        2215         46
        4023        5041         61
        4247        4273         11
        4311        4297         26
        5044        5054         71
        5084        5076         23
        5125        5162         15
        6075        6065         52
        6164        6200         51
        7138        7155         39
        8366        8380         40
        8397        8392         20
        8403        8380         10
        9116        9112         18
        9116        9135         18

TABLE    : start_time (750)

   ggh4_orig   ggh4_dest      total
        1096        1333         33
        1129        1500         14
        1246        1182         46
        1299        1194         53
        1311        1226         43
        1315        1230         73
        1384        1278         14
        1423        1381         22
        1467        1406         19
        1474        1585         22
        1501        1562          9
        1513        1128         47
        1544        1614         11
        1549        1455         97
        2037        2041         20
        3124        3094         10
        4285        4251         17
        8520        8532         31

TABLE    : start_time (755)

   ggh4_orig   ggh4_dest      total
        1055        1011         13
        1283        1301         38
        1360        1258         10
        1440        1585         30
        1496        1392        125
        1509        1468         22
        1521        1565          8
        1598        1418         50
        4016        4016         90
        4043        4035          5
        4058        4056         26
        4173        4189         25
        8521        8532         23

TABLE    : start_time (800)

   ggh4_orig   ggh4_dest      total
        1002        1038         30
        1002        1152         21
        1003        3184         62
        1006        1004         27
        1021        1003         76
        1021        1022         46
        1022        1172         13
        1030        1193         46
        1043        1152         40
        1044        1111         31
        1048        1003         54
        1050        1144         34
        1063        1143         41
        1066        1152         18
        1066        1376         17
        1081        1193         64
        1096        1195         33
        1098        1142         46
        1111        1345         19
        1144        1126         49
        1149        1111         17
        1162        1177         29
        1169        1213         39
        1169        1235         39
        1178        1265         58
        1182        1473         86
        1182        1510          6
        1187        1162         15
        1187        1321          6
        1190        1102         19
        1190        1347         86
        1206        1213         24
        1219        8872          7
        1225        1197         15
        1229        1235         17
        1232        8294         12
        1233        1114         28
        1239        1144         22
        1239        1220         22
        1240        1306         24
        1247        1314         48
        1259        1152         28
        1264        1220          3
        1269        1126         29
        1270        1122         67
        1270        1510         67
        1274        1618         17
        1276        1114         38
        1285        1142         42
        1292        1510         15
        1302        1274         13
        1302        1341         25
        1304        1238         48
        1315        1475         12
        1325        1238         33
        1329        1346         16
        1329        1560         15
        1333        1347         13
        1338        1185         17
        1341        1142         49
        1341        1230         49
        1341        1456         30
        1342        1167         64
        1353        1122          4
        1369        1250         57
        1369        1301         57
        1373        1371         55
        1378        1213          7
        1378        1337          5
        1382        1230          7
        1388        1345         50
        1389        1333         27
        1391        1436         68
        1403        1347         11
        1408        1248         32
        1409        1434         10
        1420        1446         18
        1423        1486         14
        1425        1122         85
        1425        1353         27
        1425        1502         16
        1444        1510         54
        1452        1510         47
        1455        1381         59
        1456        1166         17
        1461        1114         49
        1463        1463         32
        1467        1553         19
        1468        1271         12
        1485        1578         74
        1494        1114         43
        1502        1142        101
        1502        1554         14
        1505        1581         15
        1513        1114         23
        1513        1586         21
        1517        1586          7
        1529        1547         20
        1534        1152         43
        1538        1468         23
        1539        1614          8
        1542        1512         18
        1545        1152         44
        1547        1142         31
        1552        1553         36
        1557        1152         37
        1563        1389         27
        1577        1510         98
        1590        1152         20
        1590        1510         13
        1594        1614         43
        1598        1620         50
        1628        1615         54
        1628        2215         69
        2014        2013         29
        2039        1554         26
        2078        2180         18
        2112        2215         54
        2124        2124         40
        2155        2201         25
        2164        2215         28
        2175        1554         46
        3055        3083         11
        3119        1376         60
        3177        1341         34
        3177        1586         73
        3199        3083         13
        3217        3155         13
        3237        1586         22
        3307        3295         28
        3342       18089         21
        3392        1152         24
        4071        4056         26
        4080        6200         30
        4084        1142         34
        4098        4129         10
        4143        1376         40
        4226        4228         14
        4247        4164          8
        4287        1376         35
        4300        1510         27
        4311        4025         15
        4323        1376        112
        4323        4317        112
        5076        4025         56
        6057        6105        133
        6083        1076         56
        6098        6133        116
        6107        6200         29
        6166        6171         95
        6196        6197         43
        6197        6140         34
        6206        6162         53
        8298        8253         30
        8344        8380         45
        8388        8397         21
        8391        8390          5
        8402        8397         56
        8521        8532         10
        8532        8532          8

TABLE    : start_time (805)

   ggh4_orig   ggh4_dest      total
        1002        1003         17
        1011        1196         23
        1153        1213         41
        1219        1212         98
        1246        4076         25
        1253        1274         14
        1274        1510         36
        1302        1341         60
        1321        1510         30
        1337        1226         13
        1338        1388         23
        1369        1366         23
        1423        1510         29
        1526        1583         20
        1595        1586         28
        1598        1576         15
        3214        3083         13
        3220        3257         29
        4030        4068         68
        4057        4045         31
        4269        4174         30
        7070        7082         63
        8402        8392         18

TABLE    : start_time (810)

   ggh4_orig   ggh4_dest      total
        1094        1072          5
        1131        1510         19
        1143        1333          6
        1151        1194         16
        1205        1242         19
        1233        1333         53
        1346        1325         18
        1353        1152         30
        1406        1467         58
        1418        1152          9
        1418        1340          9
        1426        1468         18
        1443        1301         19
        1494        1436         43
        1539        1152         13
        1540        1529         11
        1542        1533         43
        1572        1525         20
        1572        1547         20
        1580        1599         24
        1628        1142         69
        3257        1586         47
        4076        4025         44

TABLE    : start_time (815)

   ggh4_orig   ggh4_dest      total
        1035        1213          8
        1048        1003         31
        1155        1171         16
        1159        1114         27
        1181        1181         37
        1204        1144         16
        1244        1111         25
        1251        1265         31
        1265        1238         49
        1274        1194         10
        1274        1560         82
        1282        1301         23
        1299        1206         20
        1314        1455          8
        1330        1193         34
        1331        1467         24
        1333        1343         22
        1341        1114         47
        1341        1392         58
        1403        1510         16
        1415        1152          9
        1418        1114         29
        1418        1438         29
        1433        1371         35
        1449        1467         54
        1468        1447         28
        1483        1427         40
        1483        1452         44
        1485        1467         16
        1485        1494         54
        1487        1152         42
        1488        1507         10
        1525        1525         61
        1563        1541         31
        2020        2215         39
        2141        2097         28
        3117        3121         22
        3190        3117         46
        3227        1510         37
        3272        3257         29
        4019        4011         43
        4040        6200         17
        4341        4341         22

TABLE    : start_time (816)

   ggh4_orig   ggh4_dest      total
        1181        1187         20

TABLE    : start_time (819)

   ggh4_orig   ggh4_dest      total
        4247        4265         33

TABLE    : start_time (820)

   ggh4_orig   ggh4_dest      total
        1015        1041         17
        1052        1152         26
        1089        1249         51
        1141        1152         16
        1192        1194         43
        1301        1354         23
        1305        1278         34
        1352        1185         14
        1459        1486         15
        1488        1475         62
        1492        1144         22
        1499        1529        104
        1569        1578         33
        1617        1529         19
        2008        2021         70
        3089        3099         27
        3175        1560         23
        4023        4200         49
        4075        4045         30
        4077        4025          7
        5091        5101         31
        8326        8253         32
        8858        8872         85

TABLE    : start_time (825)

   ggh4_orig   ggh4_dest      total
        1044        1197         18
        1066        1152         17
        1252        1080         52
        1312        1343         12
        1492        1452         19
        1494        1142         22
        1546        1500         19
        3256        3341         33
        6099        6150         57
        8577        8532         32
        8581        8572         66

TABLE    : start_time (830)

   ggh4_orig   ggh4_dest      total
        1002        1011         21
        1056        1152         15
        1058        1197         22
        1072        1129         12
        1081        1152         18
        1130        1303         11
        1141        1166         10
        1155        1137         26
        1159        1122        129
        1200        1166         42
        1205        1242         22
        1206        1235         24
        1207        1194         16
        1207        1418         14
        1220        1194         12
        1228        1152         18
        1243        1510         23
        1282        1163          9
        1298        1278         37
        1301        1245         18
        1301        1354         23
        1323        1245         10
        1325        1510         33
        1326        1305         32
        1342        1129         17
        1353        1152         32
        1354        1305         47
        1375        1152         24
        1380        1560         18
        1387        1387         14
        1388        1510         36
        1398        1371         14
        1417        1434         51
        1444        1152         25
        1456        1114         17
        1483        1443         72
        1483        1487         63
        1521        1565         61
        1525        1142         61
        1526        1152         30
        1546        1500         16
        1566        1152         45
        1566        1541         17
        1582        1586         40
        1582        1602         28
        1590        1510         17
        1594        1114         12
        1599        1576         43
        1606        1341         24
        1616        1576         17
        1628        1586         32
        2037        2215         12
        2227        2215         46
        3083        3341         64
        3097        1376         29
        3165        1586          9
        3168        1510         21
        3199        1142         20
        3252        1510         61
        3277        3296         24
        3280        3025         16
        4046        1376         18
        4084        4025         23
        4098        4025         22
        4148        4124         51
        4164        1510          5
        4200        4164         27
        5125        6200         27
        6053        6200         32
        6075        6140         52
        6116        6140         70
        6155        6200         83
        6188        6200         76
        8308        8384         20
        8319        8352         41
        8319        8380         41
        8337        8384         21
        8368        8380         33
        8402        8380         20

TABLE    : start_time (835)

   ggh4_orig   ggh4_dest      total
        1194        1152         25
        1426        1142         41
        4025        1152         19
        4155        4025         43

TABLE    : start_time (840)

   ggh4_orig   ggh4_dest      total
        1118        1041         18
        1299        1392         47
        1321        1290         59
        1433        1434          9
        1562        1461         27
        1594        1577          7
        2194        2104         23
        3307        3295         19
        4273        5101         10
        6172        6200         25
        8702        8706         32

TABLE    : start_time (845)

   ggh4_orig   ggh4_dest      total
        1063        1042         41
        1099        1159         10
        1533        1585         39
        1615        1528         24
        3110        1376          5
        3130        1510         16
        3279        1152         29

TABLE    : start_time (850)

   ggh4_orig   ggh4_dest      total
        1061        1152         74
        1130        1372         27
        1446        1586         40
        1494        1609         29
        1548        1224          9
        1589        1593         17
        8369        8392         11

TABLE    : start_time (855)

   ggh4_orig   ggh4_dest      total
        1250        1197         22
        1359        1166         22
        4060        1376         23

TABLE    : start_time (900)

   ggh4_orig   ggh4_dest      total
        1006        1152         38
        1011        1152         10
        1046        1510         18
        1050        1152         26
        1072        1510         31
        1141        4025         12
        1159        1354         26
        1188        1152        125
        1188        1333         23
        1204        1510         20
        1207        1554         39
        1227        1152         34
        1243        1152         16
        1299        1205         23
        1301        1510         19
        1307        1152         77
        1320        1320         40
        1321        1152         29
        1325        1347         33
        1341        1142         48
        1388        1586         70
        1397        1152         15
        1406        1510         58
        1411        1510         18
        1421        1378          5
        1423        1510         12
        1447        1586         23
        1453        1510         21
        1474        1142         16
        1483        1111         80
        1483        1152         34
        1488        1576         56
        1491        1213         10
        1499        1510          9
        1511        1152         46
        1511        1432          7
        1514        1152         23
        1520        1172         52
        1520        1586         28
        1526        1556         21
        1533        1213         39
        1537        1122         27
        1538        1189         18
        1538        4025         18
        1546        1152         20
        1547        1172         29
        1547        1554         20
        1550        1554         19
        1599        1311         24
        1628        1576         54
        2014        2215         29
        2023        1560         60
        2175        2140         25
        2218        2104        157
        2223        2215          9
        2227        2215         30
        3160        1510         10
        3179        3116         40
        3220        1510         23
        3246        1586         28
        3299        3281         41
        4053        4025         32
        4054        1510         33
        4058        1510         49
        4071        1376         21
        4081        4025         16
        4104        4164         43
        4262        1376         25
        4329        4164         32
        4331        1510         40
        5054        6200         70
        5093        4076         18
        6181        6200         28
        7076        7037         70
        8268        8380         40
        8358        8253         44
        8368        8380         33
        8372        8253         49
        8521        8532         77

TABLE    : start_time (905)

   ggh4_orig   ggh4_dest      total
        1207        1152         81
        1533        1152         19

TABLE    : start_time (910)

   ggh4_orig   ggh4_dest      total
        1411        1510         26
        1513        1307         19
        6177        6200         23
        8887        8885         36

TABLE    : start_time (915)

   ggh4_orig   ggh4_dest      total
        1288        1152         24
        1303        1152         47
        1433        1597         32
        3097        1122         37
        3254        3281         22
        8326        8253         32
        8366        8384         23
        8382        8380         12
        8520        8532         25

TABLE    : start_time (920)

   ggh4_orig   ggh4_dest      total
        1045        1126          9
        1467        1392         27
        1548        4164          9
        4267        1510         57
        8521        8532         23

TABLE    : start_time (925)

   ggh4_orig   ggh4_dest      total
        3195        1152         13

TABLE    : start_time (930)

   ggh4_orig   ggh4_dest      total
        1274        1042         30
        1291        1152         32
        1351        3238         35
        1359        1003         32
        1411        1152         26
        1468        1516         32
        1480        1560         15
        1490        1152         23
        1542        1152         43
        1547        1172         29
        1550        1586         19
        1579        1122          6
        1605        1618         26
        1614        1554         15
        1619        1152         10
        2121        2215         15
        4004        4025         40
        4117        1003         39
        4226        4164         25
        4332        1510         49
        5084        6200         81
        8331        8366         22
        8402        8392         14
        8521        8532         10
        8525        8532         39

TABLE    : start_time (935)

   ggh4_orig   ggh4_dest      total
        1021        1152         25
        1306        1586         29
        6093        6200         12
        8521        8532         23

TABLE    : start_time (940)

   ggh4_orig   ggh4_dest      total
        1080        1152         27
        1202        1101         18
        1359        1335         34
        1403        1376         13

TABLE    : start_time (945)

   ggh4_orig   ggh4_dest      total
        1141        1172         25
        1321        1114         16
        1441        1486         22
        1518        1152         23
        1577        1615         17
        3392        1003         13
        8326        8253         32

TABLE    : start_time (950)

   ggh4_orig   ggh4_dest      total
        1571        1172         10
        2097        1554         27
        4141        4025         20
        8384        8380         59

TABLE    : start_time (955)

   ggh4_orig   ggh4_dest      total
        1285        1142         25
        1456        1482         20

TABLE    : start_time (1000)

   ggh4_orig   ggh4_dest      total
        1052        1142         35
        1059        1152         19
        1169        1142         29
        1224        1152         18
        1244        1114         22
        1269        1152         24
        1269        1172         29
        1291        1142         40
        1334        1152         55
        1337        1554         19
        1341        1114         55
        1341        1205          6
        1401        1385         40
        1433        1382        100
        1433        2215         35
        1487        1142         34
        1488        1152         18
        1506        3103         14
        1507        1114         16
        1547        1172         25
        1548        1142         57
        1562        1111         32
        1567        1618         41
        1602        1510         27
        1625        1618         40
        3069        3355         19
        3095        1152          5
        3116        1510         24
        3150        1554         10
        3159        1510         54
        3170        1111         27
        3187        1122         25
        3197        3144         32
        3257        1510         64
        4002        4025         11
        4016        4025         32
        4030        6200         29
        4039        8532         26
        4080        1152         41
        4089        1376         22
        4143        5101         47
        4162        1510         21
        4272        1510         17
        4274        1510         37
        4341        1510         22
        6046        6140         57
        6169        1152         70
        6176        6200        101
        6177        6200         23
        8272        8380         31
        8298        8333         77
        8308        8380         20
        8344        8380         28
        8361        8384         90
        8362        8380         17
        8364        8380         15
        8384        8352         14
        8526        8532         13
        8558        8532         36
        8894        8894         79

TABLE    : start_time (1005)

   ggh4_orig   ggh4_dest      total
        1011        1152         23
        1299        1510         29
        4076        4025         31
        8326        8380         17
        8402        8380         23

TABLE    : start_time (1010)

   ggh4_orig   ggh4_dest      total
        1415        1152         16
        3044        1510         61
        4057        1510         62
        4332        1510         49
        8520        8532         25

TABLE    : start_time (1015)

   ggh4_orig   ggh4_dest      total
        1136        1152         11
        1467        1142         40
        4270        1376         50
        7115        7082         66

TABLE    : start_time (1020)

   ggh4_orig   ggh4_dest      total
        1159        1195         88
        1565        1357         19
        4313        4077         46

TABLE    : start_time (1025)

   ggh4_orig   ggh4_dest      total
        1537        1114         18
        3145        1122         22
        3177        1114         32
        5084        6200         21

TABLE    : start_time (1030)

   ggh4_orig   ggh4_dest      total
        1011        1152         23
        1043        1152        101
        1243        1510         12
        1528        1554         27
        1546        1510         19
        1564        1510         56
        1565        1152         12
        2089        2215         22
        2109        2215         19
        3118        1510         30
        3197        1152         22
        3277        1122         21
        4060        6200         23
        4086        1003        106
        5102        8380         37
        5102        8541         37
        6085        6200         48

TABLE    : start_time (1035)

   ggh4_orig   ggh4_dest      total
        1444        1114         25
        2194        2215         23

TABLE    : start_time (1040)

   ggh4_orig   ggh4_dest      total
        1081        1357         27
        1406        1197          4
        3116        1111         39

TABLE    : start_time (1045)

   ggh4_orig   ggh4_dest      total
        3373        3295         23
        4053        4025         26
        4083        1142         19
        8344        8380         28

TABLE    : start_time (1050)

   ggh4_orig   ggh4_dest      total
        1158        1376         33
        1327        1274         44

TABLE    : start_time (1055)

   ggh4_orig   ggh4_dest      total
        1401        1586         60
        3170        1510         29
        7148        7037         54

TABLE    : start_time (1100)

   ggh4_orig   ggh4_dest      total
        1094        1357          5
        1096        1114         12
        1144        1213         49
        1236        1152         92
        1302        1576         17
        1307        1142         77
        1378        1554          6
        1501        1122         29
        1501        1197         26
        2045        1510         60
        2055        1510         51
        3097        1510         73
        3144        1510         22
        3160        1597         15
        3179        3238         15
        3189        3355         18
        3265        1357         24
        4016        4077         90
        4125        4025         19
        4163        4164         43
        5125        8532         27
        6085        6190         48
        8308        8325         53
        8357        8380         24
        8392        8380         40

TABLE    : start_time (1110)

   ggh4_orig   ggh4_dest      total
        1044        1152          6
        1491        1152         27
        4117        1376         40

TABLE    : start_time (1115)

   ggh4_orig   ggh4_dest      total
        1127        1510         35
        6051        6140         51

TABLE    : start_time (1120)

   ggh4_orig   ggh4_dest      total
        4050        4077         63

TABLE    : start_time (1125)

   ggh4_orig   ggh4_dest      total
        1360        1510         12

TABLE    : start_time (1130)

   ggh4_orig   ggh4_dest      total
        1229        1510        117
        1243        1152         11
        1263        1114         29
        1423        1114         15
        1488        1152         51
        1520        1101         12
        3266        1510         13
        4105        1510         36
        4151        1376         21
        4262        1510         15

TABLE    : start_time (1145)

   ggh4_orig   ggh4_dest      total
        1403        1152         16
        3279        3341          9

TABLE    : start_time (1200)

   ggh4_orig   ggh4_dest      total
        1013        1138          5
        1130        1122         27
        1228        1152         18
        1253        1560         30
        1269        1114         38
        1283        1510         23
        1528        1554         27
        1549        3071         49
        1567        1385         16
        1594        1554         43
        2039        2215         22
        2055        2215         25
        2066        1554         23
        3141        1554         37
        4088        1152         43
        4104        4077         43
        6171        6140         70
        6189        6200          8
        8395        8384         20
        8565        8532         16

TABLE    : start_time (1205)

   ggh4_orig   ggh4_dest      total
        1579        1554          6

TABLE    : start_time (1210)

   ggh4_orig   ggh4_dest      total
        4287        1510         20
        8365        8380         14

TABLE    : start_time (1215)

   ggh4_orig   ggh4_dest      total
        1068        1122        100
        1096        1188         26
        1343        1152         37
        1549        1142          7
        1565        1560         29

TABLE    : start_time (1230)

   ggh4_orig   ggh4_dest      total
        1043        1510         46
        1135        1554         63
        1162        1258         29
        1340        1142         16
        8349        8384         29

TABLE    : start_time (1245)

   ggh4_orig   ggh4_dest      total
        1301        1347         15
        4330        4025         17

TABLE    : start_time (1300)

   ggh4_orig   ggh4_dest      total
        1041        1152         34
        1068        1152        100
        1169        1554         24
        1182        1510          6
        1299        1114         20
        1328        1554         28
        1418        1142         29
        1459        1376         25
        1501        1554         21
        1505        1597         19
        3082        1152         24
        3257        1586         22
        4071        4064         21
        4267        1510         57
        7106        7037         44

TABLE    : start_time (1305)

   ggh4_orig   ggh4_dest      total
        1104        1152         21
        3028        1510         28

TABLE    : start_time (1310)

   ggh4_orig   ggh4_dest      total
        1546        1586         16
        4187        1003         13

TABLE    : start_time (1315)

   ggh4_orig   ggh4_dest      total
        1130        1003         21
        1511        1142          7
        4111        4025         52
        4317        1376         51

TABLE    : start_time (1320)

   ggh4_orig   ggh4_dest      total
        1420        1114         13

TABLE    : start_time (1330)

   ggh4_orig   ggh4_dest      total
        1054        1142         62
        1136        1172         21
        1164        1510         38
        1370        1376         20
        1490        1152         58
        2138        2215         58
        7077        7037         10

TABLE    : start_time (1345)

   ggh4_orig   ggh4_dest      total
        8523        8532         32

TABLE    : start_time (1400)

   ggh4_orig   ggh4_dest      total
        1100        1172         31
        1161        1003         24
        1380        1152         15
        1521        1142         32
        1577        2215         98
        8337        8384         21
        8528        8532          9
        8835        8872         45

TABLE    : start_time (1420)

   ggh4_orig   ggh4_dest      total
        8525        8532         39

TABLE    : start_time (1430)

   ggh4_orig   ggh4_dest      total
        4075        4058         45
        7100        7082        135

TABLE    : start_time (1440)

   ggh4_orig   ggh4_dest      total
        1531        1510         42
        1579        1585         35

TABLE    : start_time (1500)

   ggh4_orig   ggh4_dest      total
        2037        2076         53
        2155        1197         13
        3258        1142         34
        4070        1510         16

TABLE    : start_time (1505)

   ggh4_orig   ggh4_dest      total
        4115        1510         62

TABLE    : start_time (1510)

   ggh4_orig   ggh4_dest      total
        1177        1142         27

TABLE    : start_time (1520)

   ggh4_orig   ggh4_dest      total
        3055        1510         31

TABLE    : start_time (1530)

   ggh4_orig   ggh4_dest      total
        1246        1510         21
        1620        1586          7

TABLE    : start_time (1600)

   ggh4_orig   ggh4_dest      total
        1455        1152         99
        1487        1510         42
        3280        1142         44
        4057        1376         20

TABLE    : start_time (1610)

   ggh4_orig   ggh4_dest      total
        1120        1380         15
        1303        1114         47
        1556        1152         14
        3146        1152         10

TABLE    : start_time (1630)

   ggh4_orig   ggh4_dest      total
        1172        1114          7
        1309        1122         29
        3174        1510         11

TABLE    : start_time (1645)

   ggh4_orig   ggh4_dest      total
        1378        1615         22

TABLE    : start_time (1700)

   ggh4_orig   ggh4_dest      total
        1111        1044         21
        1299        1114         36
        1321        1510         25
        1341        1586         47
        1518        1510         18
        1542        1586         73
        1546        1560         23
        4158        1152         31
        8365        8532         37

TABLE    : start_time (1705)

   ggh4_orig   ggh4_dest      total
        1091        1152         30
        1188        1142         25

TABLE    : start_time (1710)

   ggh4_orig   ggh4_dest      total
        1054        1205         25
        1242        1206         33

TABLE    : start_time (1715)

   ggh4_orig   ggh4_dest      total
        4075        1152         15

TABLE    : start_time (1720)

   ggh4_orig   ggh4_dest      total
        1084        1114          9

TABLE    : start_time (1730)

   ggh4_orig   ggh4_dest      total
        1015        1151         27
        1110        1213         31
        1514        1142         35
        1542        1510         48

TABLE    : start_time (1740)

   ggh4_orig   ggh4_dest      total
        1155        1142         21

TABLE    : start_time (1800)

   ggh4_orig   ggh4_dest      total
        1084        1554         20
        1188        1152         11
        1481        1586         24
        1546        1510         18

TABLE    : start_time (1900)

   ggh4_orig   ggh4_dest      total
        1121        1152         11

TABLE    : start_time (2300)

   ggh4_orig   ggh4_dest      total
        1407        1142         21
