Thu Nov 02 2023 18:05:06 GMT+0000 (Coordinated Universal Time) - Run Time: 2300ms

Cross Tabulation Query Form - Trip - 2016 v1.1

Row: GGHM V4 zone of origin - ggh4_orig
Column: GGHM V4 zone of destination - ggh4_dest
Table: Start time of trip - start_time


Filters:
Day of week trip data were collected - trip_day In 2, 
and
Trip purpose of destination - purp_dest In S, 
and
Primary travel mode of trip - mode_prime In B, 

Trip 2016
ROW : ggh4_orig
COLUMN : ggh4_dest

TABLE    : start_time (400)

   ggh4_orig   ggh4_dest      total
        3345        1376         29

TABLE    : start_time (530)

   ggh4_orig   ggh4_dest      total
        3345        1376         25

TABLE    : start_time (540)

   ggh4_orig   ggh4_dest      total
        1603        1003         25

TABLE    : start_time (545)

   ggh4_orig   ggh4_dest      total
        1514        1152         29
        6069        1213         56

TABLE    : start_time (600)

   ggh4_orig   ggh4_dest      total
        1012        1376         61
        1129        1376         24
        1253        1142         18
        1308        1510         44
        1602        1142         18
        3023        3058         20
        3171        2215         11
        3307        1213         41
        4002        5101         65
        4091        4076         10
        4098        1376         23
        4254        1510         39
        4341        1213         19
        5183        8532         36
        6105        6111         51
        6148        1510         60
        8401        8253         26

TABLE    : start_time (615)

   ggh4_orig   ggh4_dest      total
        1581        1376         19
        4186        1376         14
        5101        1487         20

TABLE    : start_time (620)

   ggh4_orig   ggh4_dest      total
        1415        1469         26
        1460        1341         15
        4015        3288         10
        4110        1560         46

TABLE    : start_time (625)

   ggh4_orig   ggh4_dest      total
        2020        1510         27
        4364        1376         99
        6084        6140         33
        8341        8253         17

TABLE    : start_time (630)

   ggh4_orig   ggh4_dest      total
        1283        1172         84
        1406        1560         90
        1425        1142         26
        1508        1213         91
        1514        1003         29
        1563        1076         25
        1590        1142         57
        2294        2215         26
        3141        1152         30
        3426        1510         25
        4187        4204         27
        4228        8532         29
        4287        4127         26
        4300        4189         21
        4341        1510         36

TABLE    : start_time (640)

   ggh4_orig   ggh4_dest      total
        1365        1376         14

TABLE    : start_time (645)

   ggh4_orig   ggh4_dest      total
        1125        1357         87
        1276        1213         15
        1393        1213         31
        1563        1376         17
        4134        4164         31
        4262        1510         44
        5076        4077         47

TABLE    : start_time (650)

   ggh4_orig   ggh4_dest      total
        1480        1262         13
        3097        1095         14
        4054        4164         11
        4056        6200         21
        4080        4164         11
        4244        4038         23
        9121        9109         19

TABLE    : start_time (655)

   ggh4_orig   ggh4_dest      total
        1306        1076         12
        3120        1468         33
        4267        1510         19
        8259        8252         36

TABLE    : start_time (700)

   ggh4_orig   ggh4_dest      total
        1006        1211          5
        1070        1376         47
        1132        1510         17
        1141        1554         30
        1216        1097         46
        1217        1376         25
        1234        1122          5
        1282        1586         34
        1283        1003         95
        1291        1347         16
        1292        1114         30
        1292        1380         12
        1307        1152         37
        1316        1376         13
        1326        1510         73
        1329        1487         17
        1374        1213         20
        1376        1381         69
        1386        1142         23
        1387        1314         20
        1400        1325         28
        1429        1336         65
        1434        1177         16
        1474        1142         70
        1483        1427         22
        1507        1337         12
        1523        1142         15
        1563        1602         32
        1590        1142         17
        1592        1152         24
        1604        1114         23
        1613        4025         21
        1620        1333         51
        1621        1142         28
        2009        2215         35
        2020        1510         29
        2085        1576         19
        3137        1152         38
        3144        1152         36
        3170        1142         29
        3171        1152         47
        3179        3184         10
        3277        1560         48
        3287        1554         24
        3307        3257         33
        4015        1152         57
        4023        8532         17
        4052        1510          8
        4081        1142          8
        4089        4059         61
        4104        1142         17
        4113        4076         11
        4196        1376         52
        4210        1510         76
        4210        4173         76
        4251        4058         38
        4255        4338         31
        4281        4262         21
        4317        1510         75
        4330        4328         10
        4340        4279         20
        4341        1510         28
        5113        5162         12
        5148        4025         38
        6064        6065         49
        6090        6206         49
        6098        6050         27
        6215        5024         63
        7100        7037         64
        7162        7082         25
        8213        8210         37
        8291        8253         21
        8307        8236         35
        8519        8532         31

TABLE    : start_time (705)

   ggh4_orig   ggh4_dest      total
        1231        1175         26
        1243        1142         31
        1285        1376         36
        1415        1376         10
        1443       17119         68
        1563        1142         22
        2048        2215         35
        2067        2076         44
        3057        1114         21
        4082        4002         35

TABLE    : start_time (710)

   ggh4_orig   ggh4_dest      total
        1251        1376         77
        1446        1406         60
        3023        3094         20
        3166        3295         10
        4027        4003         23
        6052        6200         28
        8419        8331         47

TABLE    : start_time (715)

   ggh4_orig   ggh4_dest      total
        1018        1022         35
        1126        1003         42
        1273        1003         51
        1285        1188         36
        1341        1560         49
        1426        1152         11
        1429        1336         33
        1464        1142         25
        1486        1376         12
        1506        1248          8
        1535        1129         15
        1587        1337         26
        3095        3121          5
        3119        1491         21
        4058        4102         33
        4177        4173         94
        4210        4293          5
        4329        4297          8

TABLE    : start_time (720)

   ggh4_orig   ggh4_dest      total
        1043        1243          6
        1043        1510         96
        1089        1152         25
        1201        1126         48
        1240        1271         18
        1299        1126         31
        1369        1510          5
        1443        1385         18
        1506        1468         15
        1570        1336         11
        1582        1152         25
        1607        1554         36
        2085        2094         10
        3051        1243         19
        3415        3416         17
        4009        4046         35
        4191        4173         23
        4259        1376          9
        5124        5162         10
        7062        7037         61
        7079        7082         46
        8255        8255         67

TABLE    : start_time (725)

   ggh4_orig   ggh4_dest      total
        1250        1146          8
        1250        1347         47
        1427        1376         53
        1520        1557          4
        1594        1236         10
        2055        2037         20
        3097        3080         14
        4324        8532         25
        4326        1122         67
        9114        9131         28

TABLE    : start_time (730)

   ggh4_orig   ggh4_dest      total
        1012        1041         17
        1036        1128          4
        1043        1510         84
        1045        4025         17
        1046        1114         18
        1071        1111         27
        1079        1146         62
        1092        1135         35
        1099        1389         21
        1108        1003         69
        1142        1510         21
        1149        1212          8
        1160        1510         19
        1188        1152         18
        1211        1189         14
        1218        1242         19
        1237        1317         30
        1245        1003          7
        1245        1114         16
        1245        1146         31
        1251        1343          9
        1252        1125         14
        1253        1275         48
        1255        4025         10
        1259        1376         16
        1270        1126         23
        1282        1152         76
        1295        1376         31
        1299        1275         66
        1306        1152         26
        1311        1142          9
        1326        1317         49
        1326        1560         28
        1342        1491         27
        1343        1243         18
        1392        1142         24
        1401        1236         83
        1418        1242         14
        1443        1250         33
        1446        1317         10
        1455        1197         33
        1457        1258         77
        1467        1152         28
        1468        1406         13
        1480        1576          7
        1502        1347         63
        1525        3184         16
        1529        1479         20
        1535        1142         21
        1535        1597         18
        1537        1136          7
        1553        1152         16
        1563        1597         26
        1566        1418         40
        1569        1560         32
        1569        1586         32
        1598        1189         16
        1602        1554         54
        2085        2042         10
        2204        2181         14
        2235        2215         22
        3060        1152         17
        3120        1114          8
        3170        1114         22
        3247        3285         11
        3258        3083         22
        3302        3281         39
        3375        3369         37
        4020        6200         51
        4022        4012         30
        4030        4059         12
        4057        4105         36
        4068        4102          9
        4084        4066         27
        4091        4025         11
        4113        4114         11
        4129        1142         39
        4129        1510         39
        4155        4189         47
        4162        1003         20
        4174        4273         16
        4257        1376         18
        4259        1152         29
        4274        1510         30
        4274        4310         60
        4324        1510         31
        4345        4025         16
        5073        5103         20
        5084        5122         20
        5143        5158         23
        6134        6050         40
        6146        6105        201
        6167        6079         26
        6182        6140         98
        7087        7037         18
        8255        8236         33
        8255        8293         18
        8330        8353         17
        8519        8532         55
        8851        8864         53

TABLE    : start_time (735)

   ggh4_orig   ggh4_dest      total
        1257        1189         63
        1258        1333        108
        1511        1620         12
        1521        1585         44
        1587        1562         26
        4022        4012          4
        4191        4173         23
        4247        4245         34

TABLE    : start_time (740)

   ggh4_orig   ggh4_dest      total
        1008        1126         17
        1043        1126          7
        1047        1142         63
        1063        1144         10
        1179        1041         18
        1188        1076         39
        1243        1510         17
        1420        1003         27
        1423        1114         13
        1441        1076         11
        1549        1597         15
        1580        1615         27
        1604        1142         18
        1614        1392          8
        2181        2089         36
        3108        3121         71
        3266        1593         46
        3303        3269         22
        4043        4035         28
        4063        4048         31
        4143        4124         17
        4326        3094         67
        4341        1510         14
        5143        1510         27
        6185        6105         59

TABLE    : start_time (745)

   ggh4_orig   ggh4_dest      total
        1001        1196         11
        1041        1126         28
        1065        1128         48
        1152        1333         12
        1174        1230         22
        1176        1126         27
        1178        1265         17
        1205        1022         14
        1260        1306         20
        1274        1337        170
        1275        1271         12
        1299        1271         14
        1302        1341         40
        1349        1381         20
        1420        1142         19
        1450        1340          7
        1484        1526         14
        1499        1436         11
        1509        1500          9
        1511        1340         36
        1551        1500         12
        1585        1129         23
        1605        1337         18
        2026        2082         23
        3020        3058          8
        3095        3202         25
        3160        1625         42
        3243        3247         14
        3244        1142         23
        3293        1357         21
        3302        3281         19
        3361        3358         18
        4024        4035         39
        4177        4262         54
        4191        4174         16
        8326        8352         17

TABLE    : start_time (750)

   ggh4_orig   ggh4_dest      total
        1072        1041         39
        1101        1122         40
        1116        1119         11
        1185        1128         31
        1191        1114         92
        1254        1181         14
        1291        1586         29
        1301        1102         15
        1358        1303         17
        1415        1381          7
        1491        1172        131
        1511        1620         12
        1534        1455         14
        1537        1554         22
        1539        1152         74
        1549        1571         27
        1621        1142         32
        3170        3257         24
        3227        3251         20
        3257        3295         32
        3277        3238         97
        4228        4174         34
        8268        8281         27
        8520        8532         27
        8521        8532         18

TABLE    : start_time (755)

   ggh4_orig   ggh4_dest      total
        1036        1510         18
        1043        1152         68
        1081        1022         95
        1130        1043         25
        1267        1164         56
        1292        1314         29
        1353        1265          5
        1467        1593         45
        1568        1491         80
        1599        1560         30
        4057        4046         24
        8525        8532         32

TABLE    : start_time (800)

   ggh4_orig   ggh4_dest      total
        1024        1146         19
        1029        1126          8
        1030        1196          9
        1041        1376         38
        1041        4164         38
        1043        1041         84
        1052        1096         82
        1053        1152         29
        1053        1195          4
        1057        1022         12
        1059        1122         26
        1084        1129         19
        1098        1151         22
        1099        1144         24
        1118        1142         83
        1123        1041         15
        1124        1152          6
        1128        1022          5
        1141        1114         30
        1141        1128         60
        1141        1162         25
        1141        1230         83
        1149        1213         34
        1159        1076         10
        1176        1333         27
        1177        1510         18
        1187        1341         29
        1188        1213         41
        1201        1214         48
        1205        1213         14
        1207        1003         21
        1215        1109         23
        1216        1151         46
        1217        1376         25
        1218        1162         50
        1219        1102         58
        1220        1128         14
        1224        1321         53
        1225        1187         11
        1227        1303         33
        1231        1226         26
        1232        1317         45
        1233        1321         13
        1233        1343         13
        1237        1152         30
        1240        1214         21
        1240        1242         21
        1244        1080          5
        1244        1194         50
        1245        1150         10
        1251        1151         17
        1251        1193          5
        1253        1184         57
        1253        1186         37
        1258        1306         13
        1258        1510         62
        1275        1114         24
        1285        1340         23
        1291        1003         21
        1291        1196         25
        1299        1114         18
        1299        1226         18
        1302        1341         31
        1305        1347         24
        1309        1242         18
        1311        1172         21
        1323        1455         11
        1329        1142         10
        1341        1152         52
        1341        1333         24
        1342        1298         27
        1350        1232         28
        1354        1265         80
        1354        1555         16
        1370        1152         25
        1376        1361          6
        1387        1353         19
        1391        1392         25
        1400        1265          9
        1409        1385         71
        1409        1560         71
        1415        1142          5
        1415        1381          7
        1420        1384         23
        1420        1510         10
        1423        1114         30
        1423        1126         33
        1423        1376         34
        1425        1517         35
        1428        1459         22
        1433        1560         85
        1436        1194         17
        1436        1413         14
        1437        1512          6
        1438        1471         14
        1441        1517         17
        1443        1301         33
        1443        1486         18
        1457        1475         14
        1461        1213         32
        1466        1152         24
        1468        1436         27
        1474        1172         18
        1476        1468         22
        1488        1554         48
        1507        1417         56
        1508        1615         17
        1511        1582         25
        1514        1392         45
        1514        1560         37
        1518        1214         17
        1521        1468          9
        1521        1565         12
        1534        1500         35
        1538        1142          9
        1538        1467          9
        1538        1620         28
        1542        1517         24
        1542        1533         24
        1544        1152         16
        1556        1560         26
        1561        1525         41
        1563        1593         12
        1569        1537         32
        1569        1615         14
        1574        1347         52
        1577        1578         89
        1582        1510         22
        1590        1142         32
        1591        1554         26
        1600        1615         11
        1613        1586         21
        1614        1510         19
        1620        1582         30
        1624        1607         20
        1631        1615         41
        2031        2215         35
        2048        1576         35
        2055        2094         23
        2085        2042         19
        2115        1491          9
        3040        1152         27
        3044        1510         34
        3060        1152          7
        3076        2215         10
        3097        1376         29
        3117        1554         44
        3126        1152         22
        3144        3212         22
        3145        3083          8
        3171        1510          9
        3179        1510         30
        3243        1122         18
        3245        1615         20
        3256        1114         19
        3392        3369          7
        4037        5041         42
        4051        4025         22
        4057        4032         35
        4066        1510         28
        4080        4025         37
        4084        5041         30
        4090        4129         29
        4091        1152         15
        4114        1142         41
        4117        1510         19
        4163        4173          9
        4164        1510         17
        4171        4262         16
        4210        4174         25
        4257        4164         15
        4266        1510         18
        4268        1510          6
        4274        1510         22
        4313        1510         42
        4337        4025         16
        5059        6200         53
        5124        6200         18
        5143        1510         88
        6052        6114         28
        6075        6200         11
        6084        6111         36
        6105        6140         51
        6116        6140         41
        6156        6200         51
        8220        8384         18
        8247        8253         18
        8331        8384         16
        8348        8380         32
        8366        8253         26
        8368        8380         31
        8390        8380         33
        8392        8380         65
        8403        8380         19
        8525        8532         10
        8815        1510         43

TABLE    : start_time (805)

   ggh4_orig   ggh4_dest      total
        1048        1122         28
        1056        1144          3
        1072        1041         39
        1114        1152         12
        1132        1195         47
        1260        1306         20
        1299        1152         66
        1402        1152         35
        1433        1418         19
        1464        1230         25
        1520        1589         16
        1551        1602         26
        1569        1578         28
        1580        1578         22
        1580        1598         22
        1580        1615         22
        2178        2215         68
        4071        1152         67
        4326        1510         67
        5111        5088         18
        8519        8532         55

TABLE    : start_time (810)

   ggh4_orig   ggh4_dest      total
        1220        1194         21
        1258        1214         68
        1271        1461         15
        1345        1381         20
        1366        1152         55
        1384        1333         23
        1391        1436         12
        1400        1366         33
        1432        1554         48
        1441        1427          7
        1443        1366         33
        1507        1258         13
        1542        1517         24
        1581        1557         18
        1617        1599         10
        3058        1172         36
        3187        3238          8
        3196        3058         28
        3214        3251         19
        3214        3341         19
        3214        3358         19
        4043        4035         26
        4057        4046         18
        4288        4025         42
        5132        6200         19
        6067        6200         30
        9112        9111         41

TABLE    : start_time (815)

   ggh4_orig   ggh4_dest      total
        1018        1195         35
        1063        1102          6
        1071        1003         41
        1188        1166         36
        1225        1206         11
        1229        1187         28
        1234        1219         29
        1240        1142         39
        1253        1215         16
        1299        1230          9
        1299        1253         32
        1315        1434         14
        1321        1248         22
        1394        1456         76
        1428        1354         25
        1429        1367         65
        1433        1371         71
        1438        1152         38
        1446        1512         51
        1456        1142         26
        1488        1205         53
        1492        1459          9
        1508        1475        110
        1521        1341          9
        1546        1142         16
        1563        1614         32
        1589        1557         12
        1615        1598         40
        1621        1475         41
        3032        3020         11
        3101        3083         23
        3295        3257         17
        3466        3470         64
        4098        4114         52
        7106        7082         13
        8136        8125         57
        8322        8380        132

TABLE    : start_time (820)

   ggh4_orig   ggh4_dest      total
        1043        1357         96
        1081        8130         39
        1188        1333         31
        1240        1194         15
        1240        1288          9
        1250        1151          8
        1251        1219         77
        1257        1321         40
        1274        1230         25
        1285        1114          9
        1285        1122          9
        1293        1333         87
        1424        1321         51
        1426        1593         55
        1441        1301         20
        1466        1496          5
        1528        1554         37
        1596        1321          4
        1606        1510         15
        1625        1578         14
        3238        1586         25
        4002        4068         59
        4091        6200         11
        8520        8532         27

TABLE    : start_time (825)

   ggh4_orig   ggh4_dest      total
        1141        1230         31
        1155        1171         24
        1159        1144          5
        1186        1230         23
        1216        1185         15
        1281        1197         28
        1328        1288         23
        1511        1432         13
        1550        1609          9
        5074        5122         10
        6133        6200         73
        8403        8380         19
        8523        8532         25

TABLE    : start_time (830)

   ggh4_orig   ggh4_dest      total
        1047        1070         63
        1047        1142         63
        1072        1102         39
        1123        1185         12
        1141        1142         30
        1144        1194         19
        1155        1152         10
        1176        1510          6
        1188        1560         39
        1200        1137         64
        1207        1194         10
        1210        1204          7
        1211        1172         13
        1220        1144         17
        1241        4025         20
        1243        1194         18
        1253        1230         14
        1258        1194         42
        1260        1275         11
        1269        1142         18
        1273        1245          8
        1281        1152          8
        1286        1142         25
        1290        1135         24
        1315        1258         31
        1341        1586         49
        1343        1152         23
        1382        1582         14
        1413        1436         21
        1418        1438         24
        1426        1510         16
        1432        1475          5
        1433        1417         71
        1444        1185         19
        1462        1444         39
        1476        1471         48
        1480        1471         15
        1483        1510         61
        1486        1346         26
        1487        1443         31
        1501        1526         22
        1508        1554         66
        1511        1560          6
        1524        1128          6
        1535        1152         18
        1535        1586         21
        1538        1341         16
        1550        1576         13
        1570        1392         59
        1589        1541         16
        1620        1609         14
        1631        1599         27
        2060        2089         87
        2191        2215         40
        2204        2116         29
        2223        2215         31
        3077        1142         19
        3116        1510         22
        3137        3058         30
        3160        1586         42
        3256        3155         24
        3272        3257         18
        3281        1554         18
        3403        1510         48
        4016        1376         30
        4064        4079         12
        4071        5041         15
        4200        4174         23
        4200        4228         23
        4268        4279         23
        4280        1376         46
        4325        4262         76
        6139        6171         98
        6139        6200         55
        6169        6200         72
        7133        7082          9
        8105        8119         11
        8368        8380         18
        8392        8380         41

TABLE    : start_time (835)

   ggh4_orig   ggh4_dest      total
        1109        1114         14
        1250        1265          8
        1415        1376         34
        1464        1142         23
        2097        2097         32
        6085        6140         50
        6149        6132        140

TABLE    : start_time (840)

   ggh4_orig   ggh4_dest      total
        1094        1554        130
        1159        1204         10
        2148        2215        117

TABLE    : start_time (845)

   ggh4_orig   ggh4_dest      total
        1186        1290         23
        1263        1242         67
        1268        1517         18
        1423        1381         25
        1529        1142         23
        1569        1434         17
        4285        4025         22
        6133        6200         73
        8291        8380         82
        8379        8380         22
        8523        8532         25

TABLE    : start_time (850)

   ggh4_orig   ggh4_dest      total
        1292        1142         37
        1467        1467         13
        8352        8380         51
        8533        8532         28

TABLE    : start_time (855)

   ggh4_orig   ggh4_dest      total
        1253        1510         18
        1507        1510         56
        1520        1152         16
        8840        8864         10

TABLE    : start_time (900)

   ggh4_orig   ggh4_dest      total
        1009        1142         22
        1011        1142         32
        1044        1152         18
        1075        1122         24
        1099        1126         76
        1114        1172         27
        1121        1003         24
        1125        1213         26
        1126        1114         21
        1136        1376         17
        1148        1274         26
        1200        1142         19
        1205        1137         17
        1243        1152         32
        1260        1122         20
        1283        1126         70
        1292        1152         22
        1302        1510         18
        1312        1114        184
        1329        1142          9
        1340        1385         41
        1352        1510         22
        1354        1152         17
        1355        1376         26
        1393        1122         31
        1415        1152         14
        1423        1172         10
        1432        1471          5
        1438        1152         38
        1446        1142         25
        1466        1135         40
        1490        1152         13
        1494        1440          5
        1499        1586         13
        1502        1076         47
        1502        1585         47
        1505        1142         24
        1511        1554         19
        1513        1142         20
        1518        1586         37
        1529        1554         13
        1535        1142         21
        1542        1579         24
        1566        1528         23
        1569        1554         57
        1571        1455         28
        1581        1125         34
        1583        1554        109
        1590        1554          4
        1606        1152         18
        1626        1554         37
        2023        2042         52
        2070        2215          8
        2121        2215         25
        2143        2215         16
        2174        2215         19
        2235        2076         24
        3055        1142         17
        3056        3080         16
        3058        1510         60
        3069        1510         42
        3099        3355         20
        3145        1554          8
        3217        1142         20
        3256        3341         17
        3462        1510         15
        4010        4025         35
        4016        5101         17
        4021        4025         25
        4023        1152         10
        4043        4047          6
        4050        1376         76
        4055        1152         43
        4057        4045         22
        4061        4025         22
        4084        1376         49
        4098        4077         14
        4114        1142         41
        4123        4025         18
        4162        4025         22
        4199        4204         21
        4246        4164         45
        4260        1510         31
        4298        4164         23
        5084        6200         11
        6070        1510         35
        6105        6140         26
        6146        6140        101
        6150        6140         92
        6162        6200         39
        6211        6140        106
        8123        8111        119
        8271        8380         67
        8301        8333         30
        8397        8380         39
        8402        8380         23
        8524        8380         22
        9115        9138         33

TABLE    : start_time (905)

   ggh4_orig   ggh4_dest      total
        1400        1517         33
        1463        1213         19
        3117        3083         44
        6167        6140         33
        8523        8532         25

TABLE    : start_time (910)

   ggh4_orig   ggh4_dest      total
        1043        1152         68
        1243        1152         44
        1492        1586         22
        1607        1510         29
        2027        1114         67
        8366        8380         13

TABLE    : start_time (915)

   ggh4_orig   ggh4_dest      total
        1169        1152          4
        1219        1510         24
        1223        1152        107
        1348        1510          5
        1391        1142         63
        1459        1142         42
        1491        1510         21
        1514        1576         47
        2139        1510         18
        3165        1510         26
        4317        1003         19
        8523        8532         23
        8576        8528         55

TABLE    : start_time (920)

   ggh4_orig   ggh4_dest      total
        1070        1376          8
        1243        1152         32
        1376        1003         21
        1432        1471         48
        2041        2215         13
        3307        2215         40
        5110        4025         23
        7032        7082         90
        8521        8532         19

TABLE    : start_time (925)

   ggh4_orig   ggh4_dest      total
        7079        7037         30

TABLE    : start_time (930)

   ggh4_orig   ggh4_dest      total
        1001        1376         17
        1128        1043          5
        1130        1142         18
        1141        1554         83
        1181        1585         35
        1207        1152         21
        1244        1152         19
        1299        1230         33
        1334        1376         49
        1341        1142         12
        1363        1510         26
        1420        1455         19
        1460        1510         13
        1509        1172         12
        1549        1114         84
        1631        1554         41
        2181        2215         21
        2212        2215         49
        2227        2215         15
        2233        2215         20
        3141        1510         55
        3212        1152         31
        3345        1122         18
        4117        1152         50
        4129        4164         39
        4171        1376        112
        4278        4338         21
        6080        6200         19
        6085        6140         71
        6157        6198         74
        7079        7082         19
        8240        8384         27
        8326        8384         12
        8397        8352        102
        8402        8380         28
        8515        8532         31
        8520        8532         11
        8525        8532         16

TABLE    : start_time (935)

   ggh4_orig   ggh4_dest      total
        1009        1003         61

TABLE    : start_time (940)

   ggh4_orig   ggh4_dest      total
        1152        1172         24
        6182        6140         77
        8523        8532         76

TABLE    : start_time (945)

   ggh4_orig   ggh4_dest      total
        1290        1152         24
        1311        1205         69
        1577        1152         89
        1615        1560         30
        4171        1376        112

TABLE    : start_time (950)

   ggh4_orig   ggh4_dest      total
        1546        1152         14
        6164        6200         38

TABLE    : start_time (955)

   ggh4_orig   ggh4_dest      total
        1428        1576         22
        1594        1152         39
        6150        6200         98

TABLE    : start_time (1000)

   ggh4_orig   ggh4_dest      total
        1112        1142        128
        1151        1152         30
        1193        4025         23
        1239        1357         21
        1241        1510         20
        1253        1076         16
        1258        1510         17
        1260        1114         64
        1286        1182         14
        1291        1510         45
        1292        1152         10
        1299        1197         19
        1325        1122         34
        1355        1554         38
        1428        1213         43
        1433        1554         71
        1433        1560         85
        1436        1122         44
        1459        1510         11
        1498        1586         28
        1514        1122         25
        1520        1152        141
        1525        1510         29
        1535        1152         32
        1535        1510         30
        1550        1152         14
        1578        1152         23
        1596        1554          8
        1605        1142         27
        1613        1152         18
        1614        1510         14
        1620        1503         21
        1620        1554         21
        1625        1554         57
        2041        2215         38
        2131        1554         29
        2194        1510         28
        3028        1510         46
        3051        1213         11
        3170        1152         24
        3171        1586         11
        3303        1510         22
        3462        1510         15
        4070        4164         21
        4122        1376         12
        4123        4025         37
        4155        1142         46
        4174        1510         27
        4200        1510          9
        4262        1510         15
        4274        3355         35
        4280        1510         46
        4293        1152         15
        4298        1510         35
        4329        4186         14
        4335        1376         21
        5084        6200         11
        6061        6200         37
        6116        6140         41
        6178        6200         55
        8312        8253         56
        8331        8253         16
        8368        8380         40
        8379        8380         22
        8525        8532          5

TABLE    : start_time (1005)

   ggh4_orig   ggh4_dest      total
        1201        1152         17
        1628        1510         34

TABLE    : start_time (1010)

   ggh4_orig   ggh4_dest      total
        1574        1152         36
        3069        1142         46
        4002        4025         47
        8523        8532         23

TABLE    : start_time (1015)

   ggh4_orig   ggh4_dest      total
        1035        1003         23
        1191        1213         56
        1309        1205         24

TABLE    : start_time (1020)

   ggh4_orig   ggh4_dest      total
        1421        1076         46
        8519        8532         31

TABLE    : start_time (1025)

   ggh4_orig   ggh4_dest      total
        1443        6195         68
        3212        1114         13

TABLE    : start_time (1030)

   ggh4_orig   ggh4_dest      total
        1075        1152         23
        1304        1510         20
        1340        1114         17
        1471        1554         19
        1484        1434         14
        1501        1560         64
        1518        1510         40
        1542        1076         35
        1563        1152         37
        1582        1152         25
        2085        2215         43
        2194        2215         51
        3024        1152         32
        3102        3083          8
        3212        1122         27
        3243        1510         27
        3259        1554         23
        4129        1003         20
        4177        4164         17
        4280        1510         36
        5003        6200         14
        8528        8532          8

TABLE    : start_time (1035)

   ggh4_orig   ggh4_dest      total
        1283        1076         79

TABLE    : start_time (1040)

   ggh4_orig   ggh4_dest      total
        3187        1357         21
        4317        1376         44

TABLE    : start_time (1045)

   ggh4_orig   ggh4_dest      total
        1099        4025         76
        1514        1152         26
        1604        1152         16
        1620        1586          9
        3055        1586          8
        4247        1510         21
        8397        8380         21

TABLE    : start_time (1050)

   ggh4_orig   ggh4_dest      total
        1292        1114         37

TABLE    : start_time (1055)

   ggh4_orig   ggh4_dest      total
        1438        1142         20

TABLE    : start_time (1100)

   ggh4_orig   ggh4_dest      total
        1057        1114         42
        1105        1510          7
        1220        1076         28
        1243        1152         31
        1341        1142          8
        1354        1510         80
        1391        1152         30
        1418        1142         14
        1418        1510         24
        1428        1152         22
        1455        1197         33
        1490        1152         22
        1502        1152         33
        1518        1114         21
        1558        1142         63
        1565        1510         13
        2016        2013         35
        2041        2215         19
        2218        1510         30
        3187        1510         21
        4015        1510         57
        4030        4025         26
        4129        4025         44
        5076        5101         47
        6171        6200        111
        8331        8384         16
        8361        8353         22
        8368        8384         11
        8392        8380         41
        8523        8532         23
        9130        9115         49

TABLE    : start_time (1105)

   ggh4_orig   ggh4_dest      total
        1052        1114         26
        1567        1152         29
        3201        3184         48
        8354        8380          9

TABLE    : start_time (1110)

   ggh4_orig   ggh4_dest      total
        4099        4025         16

TABLE    : start_time (1115)

   ggh4_orig   ggh4_dest      total
        1146        1376         15
        1542        1449         24

TABLE    : start_time (1120)

   ggh4_orig   ggh4_dest      total
        8534        8532        100
        8549        8532         85

TABLE    : start_time (1130)

   ggh4_orig   ggh4_dest      total
        1080        1152         42
        1146        1076         25
        1199        1305         22
        1205        1114         18
        1229        1142         28
        1264        1152         21
        1270        1510         25
        1354        1122         80
        1374        4025          9
        4023        4025         28
        4333        1510         65
        8362        8253         18

TABLE    : start_time (1135)

   ggh4_orig   ggh4_dest      total
        1518        1510         40

TABLE    : start_time (1140)

   ggh4_orig   ggh4_dest      total
        1631        1371         33
        8520        8568         21

TABLE    : start_time (1145)

   ggh4_orig   ggh4_dest      total
        1101        1510         43
        4262        1510         44
        8349        8380         53

TABLE    : start_time (1200)

   ggh4_orig   ggh4_dest      total
        1004        1142         20
        1196        1003         23
        1247        1213         35
        1292        1510         35
        1306        1142         31
        1371        1142         11
        1514        1516         72
        1515        1510         28
        1535        1197         21
        3019        1510         32
        3116        1152         15
        3160        1142          9
        4067        1510         43
        4200        4171         43
        4262        4164         94
        4298        1510         23

TABLE    : start_time (1205)

   ggh4_orig   ggh4_dest      total
        1625        1172         10

TABLE    : start_time (1215)

   ggh4_orig   ggh4_dest      total
        1227        1142         42
        1574        1347         52
        4009        4064         35

TABLE    : start_time (1220)

   ggh4_orig   ggh4_dest      total
        1198        1188         20
        8368        8380         27

TABLE    : start_time (1225)

   ggh4_orig   ggh4_dest      total
        1243        1152         17
        1528        1554        103

TABLE    : start_time (1230)

   ggh4_orig   ggh4_dest      total
        1065        1114         45
        1081        1152         24
        1172        1372         14
        1230        1152         13
        1285        1114         23
        1286        1114         15
        4251        3030         19
        8299        8253         60

TABLE    : start_time (1235)

   ggh4_orig   ggh4_dest      total
        1217        1152         15

TABLE    : start_time (1240)

   ggh4_orig   ggh4_dest      total
        1188        1172        114
        1248        1114         39
        4119        1510         42

TABLE    : start_time (1245)

   ggh4_orig   ggh4_dest      total
        1030        1376         21
        4071        4025         29

TABLE    : start_time (1255)

   ggh4_orig   ggh4_dest      total
        5053        5106         14

TABLE    : start_time (1300)

   ggh4_orig   ggh4_dest      total
        1052        1510         42
        1056        1152         54
        1061        1003          9
        1072        1152          7
        1130        1122         24
        1241        1152         16
        1307        1152         37
        1386        1152         67
        1433        1516         85
        1493        1142         22
        1514        1510         25
        1518        1510         17
        1605        1142         27
        2121        2215         18
        2139        2215          7
        4023        4025         28
        4051        1510         35
        4119        1376         26
        4326        1152         33
        8382        8380          6
        8525        8532         16

TABLE    : start_time (1305)

   ggh4_orig   ggh4_dest      total
        1228        1114         61
        1480        1385         22

TABLE    : start_time (1310)

   ggh4_orig   ggh4_dest      total
        1615        1576         12

TABLE    : start_time (1315)

   ggh4_orig   ggh4_dest      total
        1466        1152         22

TABLE    : start_time (1320)

   ggh4_orig   ggh4_dest      total
        1141        1142         31
        1549        1152         13

TABLE    : start_time (1325)

   ggh4_orig   ggh4_dest      total
        1012        1376         76

TABLE    : start_time (1330)

   ggh4_orig   ggh4_dest      total
        1563        1152         37
        1604        1576         14
        1620        1122         13
        2174        2215         19
        3034        1510         33
        7095        7082         65

TABLE    : start_time (1340)

   ggh4_orig   ggh4_dest      total
        1131        1114         24

TABLE    : start_time (1345)

   ggh4_orig   ggh4_dest      total
        1467        1510         32
        1508        1510         17

TABLE    : start_time (1350)

   ggh4_orig   ggh4_dest      total
        4200        4164         32

TABLE    : start_time (1400)

   ggh4_orig   ggh4_dest      total
        1091        1554          8
        1212        1510         18
        1358        1152         75
        1366        1510         14
        1459        1510         11
        1492        1188         11
        1583        1554         27
        3341        3184         15
        6197        6200         58
        7168        7082         18

TABLE    : start_time (1410)

   ggh4_orig   ggh4_dest      total
        1563        1142         22

TABLE    : start_time (1415)

   ggh4_orig   ggh4_dest      total
        1092        1152         25
        1520        1152         19

TABLE    : start_time (1420)

   ggh4_orig   ggh4_dest      total
        1052        1142         26
        4310        1510         19

TABLE    : start_time (1430)

   ggh4_orig   ggh4_dest      total
        1153        1258          4
        3247        1510         14

TABLE    : start_time (1450)

   ggh4_orig   ggh4_dest      total
        8549        8532         85

TABLE    : start_time (1500)

   ggh4_orig   ggh4_dest      total
        1084        1152         19
        1333        1510         18
        1487        1576         69
        1535        1586         57
        3249        1142         51

TABLE    : start_time (1515)

   ggh4_orig   ggh4_dest      total
        3060        1510         26

TABLE    : start_time (1530)

   ggh4_orig   ggh4_dest      total
        1421        1142         23
        3117        1142         10
        8523        8532         36

TABLE    : start_time (1540)

   ggh4_orig   ggh4_dest      total
        1188        1003          6
        1528        1554         28

TABLE    : start_time (1600)

   ggh4_orig   ggh4_dest      total
        1061        1172         42
        1114        1197         12
        1184        1152         20
        1383        1114         30
        1392        1114         12

TABLE    : start_time (1620)

   ggh4_orig   ggh4_dest      total
        1307        1142         31
        1466        1248         20
        8549        8532         85

TABLE    : start_time (1630)

   ggh4_orig   ggh4_dest      total
        1291        1142         45

TABLE    : start_time (1655)

   ggh4_orig   ggh4_dest      total
        1283        1114         22

TABLE    : start_time (1700)

   ggh4_orig   ggh4_dest      total
        1041        1114         95
        1044        1560         12
        1066        1152          6
        1095        1510          9
        1101        1114         14
        1142        1376         22
        1189        1197         14
        1248        1142         26
        1380        1152         31
        1400        1586         22
        1615        1554         40
        2037        2125         13

TABLE    : start_time (1705)

   ggh4_orig   ggh4_dest      total
        1285        1586         50

TABLE    : start_time (1710)

   ggh4_orig   ggh4_dest      total
        1138        1110         33
        1188        1076         44

TABLE    : start_time (1715)

   ggh4_orig   ggh4_dest      total
        1130        1197         24
        1516        1586         19

TABLE    : start_time (1730)

   ggh4_orig   ggh4_dest      total
        1046        1189         18
        1243        1152         81
        1578        1166         10
        4131        4072        144

TABLE    : start_time (1735)

   ggh4_orig   ggh4_dest      total
        4025        5041         29

TABLE    : start_time (1740)

   ggh4_orig   ggh4_dest      total
        1604        1554         68

TABLE    : start_time (1745)

   ggh4_orig   ggh4_dest      total
        1125        1080         37
        1602        1554          8

TABLE    : start_time (1800)

   ggh4_orig   ggh4_dest      total
        1100        1152         16
        1155        1142         34
        1175        1510         20

TABLE    : start_time (1805)

   ggh4_orig   ggh4_dest      total
        4378        1142         22

TABLE    : start_time (1815)

   ggh4_orig   ggh4_dest      total
        1141        1122         22

TABLE    : start_time (1830)

   ggh4_orig   ggh4_dest      total
        1104        1152         95

TABLE    : start_time (1940)

   ggh4_orig   ggh4_dest      total
        1518        1076         19

TABLE    : start_time (1955)

   ggh4_orig   ggh4_dest      total
        1462        1376         47

TABLE    : start_time (2000)

   ggh4_orig   ggh4_dest      total
        4074        4056          8
