Fri Nov 03 2023 23:00:20 GMT+0000 (Coordinated Universal Time) - Run Time: 2833ms

Cross Tabulation Query Form - Trip - 2016 v1.1

Row: GGHM V4 zone of origin - ggh4_orig
Column: GGHM V4 zone of destination - ggh4_dest
Table: Start time of trip - start_time


Filters:
Day of week trip data were collected - trip_day In 5, 
and
Trip purpose of destination - purp_dest In S, 
and
Primary travel mode of trip - mode_prime In J, 

Trip 2016 
Table: 400

,1152
4162,7

Trip 2016 
Table: 545

,1142
4370,14

Trip 2016 
Table: 600

,1114,1152,1213
3449,20,0,0
4244,0,0,21
8817,0,25,0

Trip 2016 
Table: 620

,1213
4199,20

Trip 2016 
Table: 625

,1336
2130,12

Trip 2016 
Table: 630

,1114,1142
2055,21,0
4023,14,0
4164,0,3

Trip 2016 
Table: 640

,1510,6200
4070,17,0
5084,0,22

Trip 2016 
Table: 645

,1172
3160,5

Trip 2016 
Table: 655

,1152,1194
2111,0,14
4278,15,0

Trip 2016 
Table: 700

,1114,1122,1129,1142,1152,1197,1213,1576
1526,0,22,0,0,0,0,0,0
2055,0,0,0,0,0,0,0,19
2085,0,18,0,0,0,0,0,0
3196,9,0,0,0,0,0,0,0
3273,0,0,0,11,0,0,0,0
4023,0,0,0,21,19,0,0,0
4054,0,0,0,29,0,0,0,0
4142,10,0,0,0,0,0,0,0
4196,0,0,0,0,0,19,0,0
4197,0,0,0,0,0,0,29,0
4228,0,0,0,0,16,0,0,0
5113,0,0,0,0,10,0,0,0
5124,0,0,20,0,0,0,0,0

Trip 2016 
Table: 705

,1142
3118,9

Trip 2016 
Table: 710

,1142,1152,5101
3087,0,8,0
4210,0,0,11
4265,25,0,0

Trip 2016 
Table: 715

,1142,1382
1613,0,47
4298,8,0

Trip 2016 
Table: 725

,1233
4088,4

Trip 2016 
Table: 730

,1142,1152,1172
3179,0,8,0
3203,21,0,0
3396,0,14,0
4061,0,0,8
5049,17,0,0

Trip 2016 
Table: 745

,1142,1152
3216,37,0
3335,0,25

Trip 2016 
Table: 800

,1114,1122,1142,1376,2215
1484,0,0,0,0,19
2121,0,0,29,0,0
2141,24,0,0,0,0
3130,0,25,0,0,0
4066,5,0,0,0,0
4331,27,0,0,0,0
5125,0,0,0,13,0

Trip 2016 
Table: 805

,1114
3333,4

Trip 2016 
Table: 815

,1142,1152
4045,0,7
5054,39,0

Trip 2016 
Table: 830

,1152,1510
3361,11,0
5132,0,18

Trip 2016 
Table: 840

,1510
8858,103

Trip 2016 
Table: 850

,1586
4070,28

Trip 2016 
Table: 900

,1152
7065,16

Trip 2016 
Table: 905

,1142
4310,13

Trip 2016 
Table: 915

,1003
4005,3

Trip 2016 
Table: 925

,1152
2014,25

Trip 2016 
Table: 930

,1114,1129
3342,20,0
4298,0,28

Trip 2016 
Table: 935

,5051
1269,8

Trip 2016 
Table: 1000

,1003,1114
3212,0,22
4019,0,22
5143,10,0

Trip 2016 
Table: 1005

,6200
1096,32

Trip 2016 
Table: 1255

,1122
4210,6

Trip 2016 
Table: 1300

,1142
4174,8

Trip 2016 
Table: 1700

,1152
4001,43

