Fri Nov 03 2023 22:03:04 GMT+0000 (Coordinated Universal Time) - Run Time: 2083ms

Cross Tabulation Query Form - Trip - 2016 v1.1

Row: GGHM V4 zone of origin - ggh4_orig
Column: GGHM V4 zone of destination - ggh4_dest
Table: Start time of trip - start_time


Filters:
Day of week trip data were collected - trip_day In 4, 
and
Trip purpose of destination - purp_dest In S, 
and
Primary travel mode of trip - mode_prime In J, 

Trip 2016 
Table: 450

,6200
1052,24

Trip 2016 
Table: 515

,1114
4330,35

Trip 2016 
Table: 525

,1114
2010,31

Trip 2016 
Table: 600

,1076,1114,1152,1197,1213
2037,0,0,14,0,0
4098,30,0,0,0,0
4287,0,9,0,0,0
5083,0,0,0,18,0
5158,0,0,0,0,22

Trip 2016 
Table: 625

,1142
4030,20
4173,12

Trip 2016 
Table: 630

,1152
8278,12

Trip 2016 
Table: 635

,1152
3309,18

Trip 2016 
Table: 645

,1152,1510
3259,19,0
4082,15,0
5183,0,17

Trip 2016 
Table: 650

,1111,1152
3398,25,0
4054,0,11

Trip 2016 
Table: 700

,1114,1122,1142,1152,1172,1357,2082,6200
1552,0,0,0,0,0,0,40,0
2023,0,0,0,0,0,0,0,70
2024,0,54,0,0,0,0,0,0
2038,17,0,0,0,0,0,0,0
2141,0,0,0,36,0,0,0,0
3126,0,16,0,0,0,0,0,0
3247,0,0,17,0,0,0,0,0
3368,0,0,0,0,7,0,0,0
3392,0,0,0,0,0,9,0,0
4040,0,0,0,5,0,0,0,0
4054,24,0,0,0,0,0,0,0
4063,14,0,0,0,0,0,0,0
4084,0,0,14,0,0,0,0,0
4166,0,0,0,5,0,0,0,0
4200,0,0,23,0,0,0,0,0
5054,0,0,0,18,0,0,0,0

Trip 2016 
Table: 715

,1003,1122,1135,1152,1172,2215
1547,0,0,0,0,0,36
2143,0,0,0,31,0,0
3334,0,0,0,31,0,0
4067,8,0,19,0,0,0
4070,0,15,0,0,0,0
4270,0,0,0,0,14,0

Trip 2016 
Table: 720

,1114
3173,11

Trip 2016 
Table: 730

,1111,1114,1142,1152,1175,6200
1448,0,31,0,0,0,0
3285,35,0,0,0,0,0
3288,0,0,9,0,0,0
3438,0,0,0,20,0,0
4061,0,0,0,0,10,0
5090,0,0,0,0,0,23

Trip 2016 
Table: 740

,1152
3351,23

Trip 2016 
Table: 745

,1122,1142,1152
1006,0,0,7
2095,12,0,0
4269,0,34,0

Trip 2016 
Table: 750

,1114,1510
5148,0,15
5183,11,0

Trip 2016 
Table: 800

,1003,1114,1142,1152,1172
2124,0,0,0,21,0
2235,0,0,0,33,0
3321,0,0,23,0,0
4091,0,19,0,0,0
4142,0,0,0,0,12
4228,0,27,0,0,0
5059,64,0,0,0,0

Trip 2016 
Table: 810

,1114,6200
4003,0,5
4053,22,0

Trip 2016 
Table: 830

,1003,1152
4043,16,0
4084,0,17
4174,0,12

Trip 2016 
Table: 850

,1122
4214,17

Trip 2016 
Table: 900

,2076,6200
2066,29,0
4018,0,23

Trip 2016 
Table: 1000

,1111,1142,5101
4011,0,0,7
4211,0,37,0
5058,6,0,0

Trip 2016 
Table: 1010

,1142
4251,16

Trip 2016 
Table: 1030

,1111
4045,21

Trip 2016 
Table: 1040

,1152
4067,23
4210,18

Trip 2016 
Table: 1100

,8532
4052,7

Trip 2016 
Table: 1115

,1243
4017,24

Trip 2016 
Table: 1150

,1152
4058,19

Trip 2016 
Table: 1155

,1213
4016,21

Trip 2016 
Table: 1200

,1114,1142
2085,12,0
4084,12,0
5034,0,29

Trip 2016 
Table: 1230

,1114
6129,37

Trip 2016 
Table: 1320

,1114
4030,15

Trip 2016 
Table: 1400

,1152,5101
4035,39,0
5054,0,24

Trip 2016 
Table: 1510

,5041
5108,48

Trip 2016 
Table: 1520

,1152
4341,7

Trip 2016 
Table: 1920

,1114
5113,10

