Fri Nov 03 2023 22:05:55 GMT+0000 (Coordinated Universal Time) - Run Time: 2666ms

Cross Tabulation Query Form - Trip - 2016 v1.1

Row: GGHM V4 zone of origin - ggh4_orig
Column: GGHM V4 zone of destination - ggh4_dest
Table: Start time of trip - start_time


Filters:
Day of week trip data were collected - trip_day In 4, 
and
Trip purpose of destination - purp_dest In S, 
and
Primary travel mode of trip - mode_prime In W, 

Trip 2016
ROW : ggh4_orig
COLUMN : ggh4_dest

TABLE    : start_time (650)

   ggh4_orig   ggh4_dest      total
        8601        8601         10

TABLE    : start_time (700)

   ggh4_orig   ggh4_dest      total
        1230        1230         12
        1330        1352         24
        1520        1500          4
        3179        3116         32
        3266        3285         23
        4019        4011         22
        4123        4127         12
        6023        6031         63
        6137        6065         37
        8303        8290         63
        8303        8303         31
        8389        8390         36
        8830        8830         17
        8873        8872         33

TABLE    : start_time (710)

   ggh4_orig   ggh4_dest      total
        3257        3257         13
        4078        4078         79
        4186        4186         23
        4251        4251         13
        5151        5158         29
        7159        7159         16
        8874        8869         95

TABLE    : start_time (715)

   ggh4_orig   ggh4_dest      total
        1177        1152         18
        2223        2223         12
        2223        2227         12
        3259        3249         18
        4012        4012          8
        7067        7067         34
        8513        8513         26
        8815        8815          7

TABLE    : start_time (720)

   ggh4_orig   ggh4_dest      total
        1582        1578         16
        3119        3130         46
        3244        3244         21
        4040        4060          9
        5107        5096         27

TABLE    : start_time (725)

   ggh4_orig   ggh4_dest      total
        3281        3288         33
        3404        3416         39
        8255        8255         64
        8331        8331         16
        8898        8898         16

TABLE    : start_time (730)

   ggh4_orig   ggh4_dest      total
        1002        1003         20
        1149        1126         20
        1184        1135         43
        1188        1205         38
        1204        1204        104
        1225        1194          9
        1382        1418         16
        1474        1512         18
        1492        1510         69
        1557        1500         13
        2085        2094          9
        2124        2124         51
        2143        2097         11
        2149        2192          7
        2157        2124          6
        2178        2158         36
        2294        2292         41
        3085        3071        103
        3121        3121          4
        3177        3160         32
        3244        3247         23
        3245        3249         45
        3261        3285         21
        3290        3269         40
        3345        3358         15
        3403        3398         23
        3406        3398         28
        3415        3416         13
        3470        3470         25
        4067        4056         35
        4075        4056         22
        4082        4071         16
        4084        4084         14
        4086        4056         28
        4094        4102         19
        4104        4102         35
        4228        4228         10
        4235        4245          9
        4246        4246         18
        4266        4266         29
        4285        4297         24
        4300        4310         34
        4341        4341         10
        4366        4374         29
        5066        5061         37
        5069        5075         43
        5151        5142         53
        6123        6093         43
        7077        7083         27
        7162        7159         16
        8108        8125          7
        8151        8152         19
        8237        8255         20
        8245        8236         39
        8255        8255         12
        8293        8293         17
        8310        8330         35
        8594        8594         33
        8805        8809          7
        8815        8815         37
        8826        8826         83
        8830        8830         38
        8840        8840         27
        8842        8834         10
        8861        8865         40
        8863        8863         31
        8898        8898         60
        9130        9135         27

TABLE    : start_time (735)

   ggh4_orig   ggh4_dest      total
        2175        2175         44
        2235        2235         33
        3203        3249         18
        3391        3369         24
        3392        3389          6
        4002        4011         55
        4011        4011         36
        4016        4013         38
        5042        5045          9
        5059        5051         18
        8247        8264         24
        8254        8264         39

TABLE    : start_time (740)

   ggh4_orig   ggh4_dest      total
        1081        1103         43
        1195        1142         43
        1436        1392         19
        2103        2094         16
        2143        2143         14
        2233        2215         10
        3122        7116         39
        3177        3177         38
        3249        3249         16
        3266        3285         19
        3396        3408         20
        3398        3396         39
        3416        3416         11
        4010        4012         25
        4080        4097         20
        4133        4124         27
        4173        4173         12
        4228        4228         27
        4235        4245        128
        4246        4266         51
        8288        8288         33
        8308        8331         28
        8364        8364         44
        8703        8703         28
        8826        8826         11
        8830        8830         21
        8842        9123         55
        9119        9107         19
        9119        9115         19

TABLE    : start_time (745)

   ggh4_orig   ggh4_dest      total
        1059        1041          9
        1111        1111         26
        1420        1420         29
        1565        1594         15
        2013        2013         17
        2085        2085         11
        2121        2094         24
        2121        2121         30
        2143        2143         21
        2212        2201         43
        2227        2227        101
        2235        2235         32
        3044        3058         28
        3097        3080         16
        3130        3173         19
        3229        3255         35
        3235        3235          7
        3242        3255         12
        3266        3285         73
        3281        3281          7
        3285        3285         16
        3392        3389          6
        3403        3398         68
        4010        4012         21
        4035        4028         14
        4049        4028         89
        4056        4056         42
        4057        4057          6
        4070        4040         14
        4075        4077         33
        4082        4060         10
        4084        4066         14
        4084        4077         12
        4106        4105         15
        4134        4129          9
        4228        4228         12
        4247        4251         29
        4260        4278         16
        4280        4266         13
        4298        4310         11
        4320        4310         30
        5037        5036         86
        5045        5045         24
        5051        5051         31
        5076        5076         11
        5093        5093         26
        5101        5101         21
        5102        5093         18
        5139        5162         23
        5143        5135         17
        5195        5194         52
        6045        6045         36
        6045        6050         71
        6114        6122         29
        6162        6171        133
        7162        7159          8
        8209        8216         22
        8240        8255         37
        8247        8264         12
        8376        8364         18
        8379        8392         25
        8544        8549         12
        8805        8809         26
        8863        8863          5
        8865        8865         36

TABLE    : start_time (750)

   ggh4_orig   ggh4_dest      total
        1114        1114         18
        1114        1127         29
        1117        1135         27
        1117        1142         40
        1151        1126         24
        1192        1192         37
        1376        1361          9
        1621        1607         27
        2143        2143         14
        2160        2192         10
        2169        2169         40
        2204        2227         22
        2227        2227         54
        2233        2215         15
        2235        2235         10
        3135        3130         20
        3160        3160         22
        3173        3130         11
        3173        3173         11
        3257        3257         19
        3293        3288         12
        3293        3293         10
        3364        3364         17
        4005        4011         32
        4012        4016         39
        4023        4020         14
        4035        4028         14
        4040        4040         34
        4056        4056         19
        4060        4040          4
        4099        4105         94
        4111        4111         20
        4171        4181         34
        4200        4228         21
        4247        4251         38
        4274        4274         36
        4285        4285         52
        4287        4287          9
        4293        4293         43
        4298        4310         15
        4341        4341          8
        5036        5036         85
        5066        5061         26
        5076        5076         24
        5124        5124         18
        5129        5122         18
        7016        7016         21
        7093        7083         54
        8211        8211         15
        8252        8252         38
        8340        8364         23
        8372        8353         11
        8427        8427         49
        8826        8826         22
        8830        8830         27
        8835        8835         21
        8837        8837          9

TABLE    : start_time (755)

   ggh4_orig   ggh4_dest      total
        1413        1392         28
        2223        2223         19
        2227        2227         25
        3110        3110         49
        4016        4013         25
        4054        4040         51
        4177        4177         44
        4187        4174         29
        4285        4285         35
        4285        4297         65
        4300        4300         16
        4300        4310         16
        5076        5076         31
        8361        8379         34

TABLE    : start_time (800)

   ggh4_orig   ggh4_dest      total
        1030        1030         36
        1048        1041         19
        1054        1041         26
        1065        1065        302
        1072        1072         16
        1089        1103         39
        1089        1150         64
        1110        1152         13
        1111        1111         20
        1117        1129          4
        1130        1126         21
        1132        1152         43
        1135        1135         25
        1138        1213         59
        1177        1135         18
        1188        1142         15
        1188        1171         15
        1189        1172         17
        1215        1215         15
        1216        1185         83
        1219        1212         18
        1240        1230         37
        1264        1278         39
        1275        1260          9
        1281        1261         49
        1295        1301         37
        1299        1288         24
        1318        1318         14
        1321        1317         19
        1343        1317         21
        1351        1402         16
        1352        1352          4
        1370        1335         29
        1374        1427         11
        1380        1406         73
        1382        1378         12
        1387        1387         22
        1411        1411         12
        1415        1423         15
        1425        1441         27
        1436        1436         23
        1436        1468         22
        1464        1468        177
        1481        1446         34
        1486        1459         14
        1492        1510         58
        1494        1468         87
        1505        1491         29
        1514        1516         16
        1520        1500          4
        1526        1526         20
        1535        1535         12
        1558        1581         21
        1559        1578         39
        1567        1567         22
        1571        1571         13
        1604        1615         19
        1620        1620         27
        2013        2013        100
        2036        2036         16
        2042        2042         49
        2067        2065         57
        2080        2060        160
        2111        2097         21
        2121        2094         69
        2143        2097         35
        2143        2143         31
        2150        2155         18
        2152        2138         22
        2156        2156         73
        2156        2157         73
        2160        2160         30
        2178        2155         25
        2178        2202         25
        2201        2201         11
        2212        2201         43
        2223        2223          9
        2227        2227        148
        2241        2235         15
        3034        3006         75
        3069        3069         21
        3104        3091         24
        3116        3116         79
        3116        4030         35
        3119        3080         18
        3121        3121         32
        3130        3130         88
        3130        3135         22
        3135        3130         47
        3150        3150          7
        3160        3160         11
        3166        3121         27
        3170        3170         14
        3171        3160         71
        3173        3135         19
        3177        3177         41
        3179        3179         18
        3189        3189          8
        3212        3212         55
        3226        3208         28
        3231        3249         10
        3235        3235         11
        3247        3247         28
        3249        3249         52
        3257        3257         11
        3257        3272         11
        3266        3285         79
        3268        3285          3
        3279        3279         52
        3281        3281         50
        3288        3288         10
        3288        3302         23
        3293        3281         70
        3295        3295         34
        3302        3302         33
        3321        3295         23
        3330        3330         34
        3345        3358         50
        3364        3364         17
        3367        3362         30
        3386        3369         29
        3392        3389          9
        3392        3394          9
        3398        3398         36
        3408        3408         18
        3422        3422         17
        3470        3470         35
        4002        4002         48
        4016        4016         42
        4017        4011         28
        4019        4011         40
        4020        4020         21
        4021        4027         30
        4023        4020         17
        4023        4023        133
        4023        4030         96
        4028        4035         33
        4029        4039         49
        4034        4046         33
        4035        4028         62
        4035        4035         45
        4039        4039         95
        4040        4040        223
        4043        4035         12
        4046        4046         45
        4050        4050         31
        4052        4064         16
        4054        4040         39
        4061        4084         18
        4064        4060         43
        4066        4066         11
        4071        4040         11
        4071        4064         42
        4074        4074         71
        4084        4061         51
        4102        4102         29
        4105        4105          8
        4107        4105         31
        4119        4129         34
        4121        4124         23
        4132        4142         32
        4171        4181         35
        4173        4173         23
        4173        4174         23
        4177        4177         36
        4181        4204         28
        4186        4186          8
        4191        4191         13
        4191        4200         49
        4196        4174         39
        4200        4228         31
        4243        4228         26
        4255        4266         44
        4259        4273         21
        4260        4278        127
        4267        4267         89
        4268        4279         32
        4272        4272         33
        4273        4273         26
        4278        4266         36
        4287        4287         39
        4300        4310         61
        4307        4307         22
        4311        4317         25
        4317        4317         17
        4319        4310         27
        4323        4317          5
        4329        4317         46
        4330        4330         15
        4332        4341         29
        4341        4341         14
        4370        4370         54
        4370        4374         43
        5003        5003         16
        5034        5044         29
        5038        5034         29
        5059        5051         23
        5059        5059         19
        5069        5075        113
        5075        5075         69
        5076        5076         25
        5084        5076         23
        5094        5094         48
        5094        5096         48
        5096        5096        107
        5124        5124         25
        5129        5122         11
        5132        5132         25
        5143        5135         84
        5158        5158         38
        5158        5162         19
        5193        5194          4
        6032        6031         81
        6050        6050         38
        6085        6065         33
        6107        6093         16
        6122        6122         38
        6123        6111         20
        6146        6150         36
        6177        6200         21
        6206        6198         21
        7003        7003        111
        7016        7016         38
        7060        7070         59
        7062        7062         19
        7065        7062         69
        7074        7070         37
        7077        7083          9
        7133        7133         24
        7145        7145         43
        7151        7151         15
        7154        7145         50
        7162        7159         34
        8152        8147         21
        8153        8153         32
        8208        8216         46
        8208        8217         46
        8217        8217         35
        8220        8211         33
        8239        8252         15
        8292        8292         12
        8309        8309         13
        8310        8321         40
        8312        8312         68
        8361        8353         23
        8366        8366         19
        8368        8368         18
        8369        8353         26
        8372        8353         11
        8392        8380         30
        8392        8384         15
        8413        8413        106
        8529        8524         14
        8587        8587         14
        8596        8596         12
        8805        8805         25
        8826        8826         90
        8835        8835         15
        9010        9010         21
        9012        9012         33
        9107        9115         43
        9130        9135         27
        9135        9131         48
        9135        9135         48
        9140        9140         10
       99999        1325         15

TABLE    : start_time (805)

   ggh4_orig   ggh4_dest      total
        1041        1041         31
        1055        1126         31
        1103        1041         37
        1136        1126         19
        1138        1129         12
        1184        1211         19
        1242        1242         19
        1258        1258         30
        1290        1290         51
        1317        1317         22
        1374        1374          6
        1376        1376        107
        1518        1517         48
        2143        2143         34
        2202        2202         26
        2227        2227         17
        3058        3071         46
        3085        3091          7
        3097        3097         16
        3135        3135         41
        3150        3150         15
        3235        3235          6
        3279        3257         23
        3285        3285         41
        3293        3281         19
        4024        4028         20
        4038        4046         30
        4056        4056         11
        4067        4056         25
        4068        4058         17
        4089        4069         14
        4105        4105         13
        4228        4228         12
        4251        4251         13
        4274        4251         15
        4310        4310         23
        4320        4317         26
        5014        5016         51
        5054        5054         23
        5059        5059         25
        5076        5076        105
        5094        5094         29
        5124        5132         21
        5158        5162         14
        6065        6065         97
        6198        6200         19
        7100        7094         26
        8361        8380         11
        8384        8380         32
        8387        8387         23
        8403        8402         42
        8524        8524         22
        8565        8560         46
        8577        8568         31
        8826        8826         55
        8830        8830         76
        9114        9114         10

TABLE    : start_time (810)

   ggh4_orig   ggh4_dest      total
        1041        1103         22
        1059        1041         25
        1094        1043          5
        1135        1143         21
        1138        1129         12
        1176        1176         46
        1177        1152         18
        1189        1152         25
        1197        1172         47
        1207        1181         11
        1215        1215         15
        1233        1233          5
        1250        1265         24
        1285        1271         16
        1334        1336         22
        1374        1374          9
        1378        1340         14
        1407        1447         25
        1414        1427        107
        1426        1467         25
        1462        1427         57
        1492        1510         10
        1521        1565         29
        1535        1541         29
        1549        1555         19
        1556        1552         14
        1566        1565         73
        1578        1578         25
        1607        1607         90
        1621        1599         21
        2013        2004         15
        2042        2042         17
        2143        2143          9
        2149        2149          7
        2156        2198         46
        2160        2160         19
        2196        2196         26
        2223        2227         84
        2241        2235         42
        2294        2292         90
        3060        3051         27
        3071        3058         15
        3097        3097         16
        3116        3116         12
        3124        3094         18
        3160        3160         22
        3162        3153         28
        3219        3243         23
        3231        3249         12
        3242        3242         22
        3245        3245         45
        3249        3249          9
        3257        3257          8
        3279        3295         18
        3287        3269         23
        3287        3287          6
        3470        3470         22
        4023        4020         15
        4035        4035         28
        4046        4046         26
        4061        4061         20
        4135        4124         23
        4142        4142         20
        4171        4181          7
        4173        4160         34
        4174        4174         12
        4247        4251         54
        4265        4274         20
        4268        4279         21
        4272        4272         18
        4279        4279         14
        4286        4273         53
        4287        4287         63
        4298        4298         19
        4310        4310         19
        4340        4340         46
        4341        4341         20
        4370        4370         33
        5009        5016         44
        5044        5044         23
        5061        5061         26
        5110        5122         68
        5122        5122        115
        5124        5124         23
        5130        4019         43
        5158        5162         18
        6202        6191         79
        7065        7070         98
        8107        8107         33
        8236        8236         37
        8381        8366         42
        8384        8380         16
        8402        8402         89
        8539        8541         30
        8576        8572         28
        8815        8815         19
        8835        8835         42
        8908        8908        102
        9130        9135          5
        9135        9135         48

TABLE    : start_time (815)

   ggh4_orig   ggh4_dest      total
        1011        1011         11
        1027        1041         15
        1041        1041         36
        1079        1146         29
        1094        1072          5
        1149        1149         20
        1180        1152         30
        1189        1195          5
        1202        1192         11
        1207        1207         14
        1227        1220          4
        1248        1248         30
        1293        1303         42
        1303        1333         30
        1306        1306         64
        1312        1343         17
        1314        1314         51
        1326        1354         15
        1331        1325         18
        1380        1343         29
        1380        1380         36
        1384        1324         34
        1387        1387         13
        1415        1423         28
        1423        1423         18
        1426        1467         25
        1428        1428         60
        1436        1436         34
        1448        1471         24
        1480        1471         65
        1481        1455         43
        1481        1481          9
        1501        1525         67
        1505        1517         14
        1508        1488         89
        1518        1518         16
        1519        1500         30
        1526        1501         50
        1547        1529         36
        1556        1556         14
        1565        1565         18
        1568        1589         31
        1569        1569         13
        1572        1572         31
        1582        1578         24
        1604        1615         16
        1606        1606         28
        1620        1620         15
        1625        1615         18
        2037        2037         28
        2063        2041         42
        2093        2093          6
        2115        2115         25
        2139        2181         25
        2143        2097         19
        2160        2160         39
        2181        2181         20
        2186        2189         23
        2223        2227         19
        2241        2241         25
        3028        3034         30
        3044        3058         41
        3065        3058         23
        3097        3097         74
        3108        3109         39
        3130        3130         32
        3141        3141         49
        3145        4030         13
        3153        3116         16
        3160        3160          6
        3189        3189         12
        3226        3208         55
        3227        3257         13
        3265        3257         26
        3269        3269        104
        3287        3295         25
        3290        3295         17
        3330        3330         14
        3334        3331         58
        3351        3362         29
        3403        3403         12
        4023        4023         26
        4033        4032          4
        4035        4035         25
        4044        4060          9
        4054        4040         25
        4066        4066         30
        4081        4081         72
        4098        4098         45
        4111        4122         14
        4121        4124         14
        4129        4129         19
        4174        4174         22
        4191        4191         25
        4200        4228          5
        4226        4226         23
        4257        4267         10
        4257        4279        102
        4268        4279         21
        4287        4287         16
        4307        4307         20
        4310        4310         26
        4320        4317         43
        4341        4341         35
        5024        5024         15
        5040        5040         36
        5054        5054         57
        5102        5096         19
        5124        5124         67
        5125        5125         34
        5139        5139         32
        5148        5148         20
        6068        6068         40
        6118        6118        115
        6177        6200         79
        6206        6198         26
        7105        7099         24
        8111        8110         48
        8156        8156         20
        8384        8380         13
        8521        8532         14
        8524        8524          9
        8530        8530         28
        8705        8706         36
        9012        9012         42
        9135        9135         43

TABLE    : start_time (820)

   ggh4_orig   ggh4_dest      total
        1055        1071         25
        1088        1152         15
        1113        1126         32
        1118        1126         14
        1126        1126         19
        1166        1172         32
        1185        1185         28
        1187        1187          8
        1200        1204          6
        1206        1187        120
        1209        1206         16
        1209        1228         16
        1228        1258         11
        1231        1187         11
        1241        1196         18
        1242        1215         13
        1242        1242          9
        1295        1286         41
        1306        1306         44
        1312        1321         53
        1342        1306         35
        1343        1333         15
        1374        1388         15
        1380        1343         52
        1407        1407         25
        1413        1392         16
        1414        1444         24
        1421        1450        170
        1450        1450         15
        1467        1467         22
        1480        1499         25
        1485        1485         37
        1487        1487         27
        1538        1565         26
        1549        1517         14
        1565        1602         35
        1567        1536         34
        1582        1582         16
        1591        1566         14
        1593        1593         16
        1599        1599         63
        1620        1620         14
        1621        1607         14
        2004        2004         16
        2041        2041         24
        2063        2041         62
        2063        2094         69
        2111        2092         20
        2124        2124         23
        2156        2156         30
        2158        2181         33
        3130        3130         59
        3144        3144         38
        3160        3160         66
        3201        3208         16
        3288        3281         23
        3290        3287         27
        3302        3288         18
        3399        3399         28
        4002        4002         85
        4019        4019         40
        4020        4023         18
        4021        4021         17
        4044        4060         12
        4049        4069          5
        4051        4051         27
        4081        4081         25
        4091        4066         16
        4226        4228         17
        4244        4244         42
        4257        4279         10
        4268        4279         70
        4307        4307         18
        4341        4341         31
        4370        4370         90
        5040        5034         35
        5054        5054         24
        5059        5059         18
        5096        5102         13
        5102        5096         19
        6069        6092        151
        6074        6067         56
        6166        6211         52
        6181        6198         31
        6206        6198         21
        6207        6197         17
        8107        8107         36
        8139        8125         40
        8245        8245         66
        8381        8381         48
        8413        8413         22
        8513        8513         24
        8524        8524         27
        8527        8533         28
        8539        8549         41
        8703        8703         23
        8705        8706         53
        8805        8805          8
        8830        8830         14
        8837        8837         23
        8896        8898         29
        8898        8898         22
        8907        8907         27
        9124        9123         31
        9130        9130         27

TABLE    : start_time (824)

   ggh4_orig   ggh4_dest      total
        1081        1103         66

TABLE    : start_time (825)

   ggh4_orig   ggh4_dest      total
        1002        1002         17
        1027        1048         45
        1108        1146         39
        1118        1126         14
        1130        1126         10
        1181        1181         54
        1192        1215         33
        1232        1204         12
        1249        1249         19
        1278        1278         15
        1283        1283          8
        1285        1271         41
        1303        1333         17
        1306        1306         30
        1318        1318         22
        1367        1343         34
        1407        1407         25
        1414        1444         53
        1436        1468         34
        1456        1467        109
        1460        1512         15
        1511        1479         49
        1514        1514         44
        1531        1557         10
        1549        1555         24
        1565        1565         39
        1613        1593         44
        1628        1628         17
        2094        2094         23
        2160        2160         62
        2204        2194         41
        2288        2295         14
        3051        3051         21
        3117        3117         25
        3257        3257         35
        3279        3295         26
        3287        3287         11
        3361        3361         41
        4002        4002         23
        4200        4200         64
        4235        4235         37
        4280        4280         14
        4310        4310         14
        4320        4320         20
        5030        5025         42
        5059        5059         49
        5113        5113         14
        6009        6009         43
        7159        7159         52
        8156        8156         14
        8520        8520         14
        8534        8534         34
        8837        8837         23
        8842        8842         29
        8871        8871         18

TABLE    : start_time (830)

   ggh4_orig   ggh4_dest      total
        1007        1004         79
        1027        1054         14
        1041        1041         22
        1041        1103         36
        1054        1041         14
        1054        1103         26
        1055        1071         49
        1063        1101         20
        1071        1126         42
        1091        1117         37
        1099        1057         32
        1099        1099          5
        1101        1137         18
        1111        1111         20
        1113        1151         16
        1118        1126         20
        1123        1103         23
        1126        1126         17
        1126        1130         14
        1136        1126         22
        1141        1141         34
        1144        1137          6
        1144        1152          6
        1151        1126         31
        1156        1185         66
        1161        1152         22
        1168        1159          8
        1177        1114         37
        1184        1152         54
        1185        1185         24
        1186        1186          6
        1186        1194         23
        1188        1114         28
        1189        1144          9
        1196        1196         10
        1197        1152         44
        1200        1204          7
        1202        1242         41
        1204        1204         16
        1206        1206        120
        1207        1230          4
        1208        1208         22
        1210        1210         12
        1210        1247         18
        1215        1215          9
        1217        1196         59
        1220        1220         21
        1225        1228         36
        1226        1242          9
        1230        1187         19
        1230        1206         19
        1230        1240         29
        1236        1189         50
        1240        1240         37
        1241        1196         21
        1242        1242         25
        1246        1245         32
        1250        1251         24
        1268        1238         88
        1273        1283         20
        1285        1285         41
        1291        1297         10
        1293        1303         18
        1297        1297         29
        1302        1341         26
        1303        1321         31
        1309        1340         40
        1315        1315          5
        1317        1321         64
        1326        1354         32
        1333        1303         28
        1333        1321         28
        1338        4281         21
        1348        1353         32
        1354        1354         31
        1358        1343         21
        1359        1370         18
        1367        1343         34
        1367        1354         76
        1371        1371         30
        1376        1376         18
        1382        1382         16
        1388        1388         91
        1389        1392         14
        1392        1389         24
        1392        1392         32
        1396        1396         22
        1396        1447         89
        1411        1411         18
        1414        1444         39
        1418        1418         27
        1422        1444         18
        1423        1423         69
        1426        1426         24
        1427        1427         40
        1448        1471         61
        1448        3409         39
        1455        1455         76
        1475        1475         18
        1476        1498         21
        1480        1471         78
        1480        1480         62
        1480        1499         22
        1480        1507         14
        1483        1483         36
        1486        1452         59
        1491        1500         22
        1501        1501         52
        1507        1499         33
        1507        1507          8
        1514        1541         19
        1525        1525         28
        1533        1581         21
        1534        1534         10
        1539        1565         48
        1547        1547         40
        1549        1517         28
        1549        1555         57
        1550        1578         29
        1556        1556         30
        1557        1557         25
        1565        1565         15
        1566        1566         37
        1570        1570         14
        1570        1586         29
        1577        1602         97
        1578        1578         20
        1580        1580         15
        1589        1589         15
        1592        1592         15
        1593        1589         16
        1599        1599         74
        1602        1602         15
        1603        1603         27
        1604        1615         23
        1607        5076         43
        1613        1593         24
        1614        1614         18
        1615        1615         91
        1617        1599         53
        1620        1620         28
        1621        1607         30
        1624        1624         50
        1625        1625         38
        2005        2005         30
        2008        2008         25
        2009        2009         35
        2010        2010         24
        2014        2013         17
        2014        2014         17
        2020        2021         32
        2021        2021         59
        2037        2037         17
        2038        2038         78
        2055        2055         19
        2060        2060         31
        2065        2065         41
        2070        2065         14
        2085        2085         13
        2124        2124         11
        2138        2138         26
        2143        2097         29
        2160        2160         34
        2177        2177         56
        2223        2223         16
        2235        2235         79
        2295        2295         16
        3034        8417         40
        3051        3051         15
        3055        3055         26
        3066        3083         19
        3085        3094         15
        3087        3087         16
        3094        3094         15
        3095        3095         15
        3130        3130         16
        3135        3135         17
        3145        3145         17
        3159        3159         20
        3165        3165         25
        3219        3243         42
        3220        3220         11
        3224        3259         41
        3226        3226         25
        3249        3249         74
        3257        3257         44
        3258        3258          7
        3259        3259         24
        3266        3285         18
        3273        3273         25
        3281        3281         39
        3288        3302         39
        3293        3293         25
        3308        3303         14
        3351        3351         34
        3362        3351         28
        3367        3351         34
        3375        3375         11
        3386        3386         29
        3392        3392         16
        3398        3398         39
        3405        3403         19
        3431        3431         43
        4029        4029         39
        4032        4032         38
        4043        4043          5
        4067        4056         14
        4071        4071          8
        4094        4094         16
        4187        4187         14
        4200        4200         49
        4221        4211         45
        4228        4200         27
        4251        4251         15
        4257        4267         45
        4259        4272         15
        4268        4279         32
        4270        4266         19
        4287        4287         25
        4300        4310         55
        4310        4310         53
        4341        4341         69
        4362        4362         25
        5039        5039          6
        5050        5050         15
        5054        5054         72
        5065        5065         28
        5066        5066         38
        5076        5076         19
        5094        5092         25
        5133        5133         15
        5182        5182         36
        5185        5182         14
        5186        5189         10
        5189        5189         14
        6053        6053         69
        6067        6067        111
        6079        6079         46
        6084        6111         21
        6086        6080         22
        6143        6143         21
        6156        6176        150
        6206        6206         25
        7011        7003         19
        7046        7046         55
        7052        7067         19
        7065        7065         69
        7076        7076         22
        7106        7106         65
        7126        7126         30
        7151        7151         29
        7156        7156         33
        7157        7145         10
        7159        7162         32
        7168        7168         13
        8104        8104         43
        8107        8107         24
        8108        8107          7
        8124        8125         24
        8125        8125         21
        8151        8152         65
        8152        8152         23
        8154        8154         80
        8255        8255         43
        8268        8268         31
        8271        8281         16
        8293        8312         29
        8328        8347         56
        8350        8315         16
        8366        8366         19
        8368        8368         10
        8384        8380         21
        8389        8380          8
        8405        8405         24
        8520        8520         45
        8533        8533          7
        8538        8541         22
        8576        8576         23
        8596        8596         19
        8702        8702         55
        8710        8710         29
        8807        8807         58
        8809        8809          6
        8814        8810         53
        8826        8826         17
        8830        8830         21
        8840        8840         54
        8840        8848         13
        8842        8834         23
        8859        8858         76
        8861        8861         40
        8874        8874         54
        8885        8885          8
        8890        8890         53
        8898        8898         34
        8914        8914         35
        9010        9010         40
        9013        9013         36
        9130        9130         15

TABLE    : start_time (835)

   ggh4_orig   ggh4_dest      total
        1007        1004         71
        1081        1081         66
        1118        1126         42
        1176        1176         17
        1185        1185         24
        1188        1171         18
        1193        1196         21
        1202        1192         17
        1229        1242         10
        1242        1242         22
        1248        1248         17
        1260        1235         28
        1306        1306         23
        1441        1441          7
        1462        1444         29
        1467        1467         15
        1480        1471         25
        1491        1500         14
        1572        1572         20
        1620        1620         22
        1628        1628         26
        2008        2008         19
        2038        2038         24
        2082        2065         23
        2143        2097         29
        3249        3249         15
        3280        3280         16
        3281        3293         33
        3290        3295         36
        4061        4061         15
        4078        4083         57
        4173        4174          9
        4200        4200         30
        4341        4341         64
        5033        5039         22
        5053        5053         12
        5075        5075         17
        5107        5107         22
        5113        5113         12
        5125        5125         20
        6121        6121         40
        8154        8154         20
        8350        8315         23
        8520        8520         13
        8538        8547         22
        8576        8576         19
        8835        8835         21
        8874        8874         69
        8890        8890         17

TABLE    : start_time (840)

   ggh4_orig   ggh4_dest      total
        1081        1103         29
        1123        1081         23
        1131        1193         14
        1185        1185         26
        1185        1193         19
        1207        1230         12
        1215        1215         18
        1230        1240         42
        1293        1321         43
        1304        1325         24
        1312        1312         25
        1380        1380         16
        1406        1406         52
        1423        1423         53
        1427        1427         30
        1427        1444         29
        1432        1432         20
        1441        1441         54
        1455        1455         41
        1462        1427         29
        1480        1471         54
        1480        1499         27
        1491        1500         13
        1535        1541         89
        1567        1553         11
        1591        1591         17
        2013        2013         27
        2014        2014         21
        2060        2060         31
        3076        3069         34
        3130        3130         29
        3145        3145         19
        3219        3219          8
        3293        3293         81
        3392        3392         36
        3474        3474         10
        4011        4011         36
        4044        4044         12
        4066        4066         25
        4117        4117         47
        4267        4267         22
        4310        4310         39
        4320        4310         20
        4341        3285         20
        5059        5059         23
        5133        5133         28
        5183        5183          7
        6050        6050         38
        6074        6074         68
        6085        6105         48
        8105        8105         18
        8107        8107         24
        8148        8148         34
        8369        8372         26
        8427        8427         17
        8525        8528         34
        8533        8560         39
        8813        8813         72

TABLE    : start_time (845)

   ggh4_orig   ggh4_dest      total
        1102        1057         18
        1111        1152         30
        1118        1126         31
        1129        1152         18
        1130        1126         71
        1151        1151         24
        1161        1152         32
        1225        1228         26
        1230        1230         42
        1239        1265         43
        1242        1242         17
        1260        1288         26
        1269        1278         22
        1271        1271         27
        1281        1281          8
        1281        1305         49
        1303        1303         11
        1343        1343         15
        1354        1326         25
        1414        1444        127
        1434        1434         19
        1460        1474          4
        1508        1508         23
        1512        1512         34
        1519        1500         31
        1520        1500         34
        1525        1525         32
        1535        1535         29
        1535        1541         34
        1539        1538          9
        1541        1541         46
        1602        1602         40
        2063        2094         12
        2089        2089         53
        2095        2095         19
        2107        2150         58
        3065        3065         92
        3099        3099          7
        3116        3076         17
        3116        3124         24
        3119        8833         46
        3145        3145         27
        3167        3155         28
        3196        3196         15
        3197        3197         25
        3226        3226         10
        3238        3256         32
        3249        3249          9
        3295        3295         21
        3302        3302         16
        3303        3303         12
        3329        3333         36
        3330        3330         21
        3345        3345         15
        3367        3351         34
        3367        3367         92
        3409        3409         31
        3422        3422         40
        3470        3470         25
        4042        4045         23
        4050        4050         32
        4060        4060          8
        4075        4077         18
        4098        4098         21
        4104        4094         46
        4141        4141         38
        4228        4228         94
        4244        4244         21
        4245        4245         31
        5010        5010         18
        5038        5038         10
        5044        5040         72
        5093        5093         26
        5129        5129         19
        5133        5133         60
        5158        5158         20
        6132        6132         18
        6176        6176         19
        6202        6191         98
        7168        7037         29
        8139        8139         40
        8256        8256         31
        8278        8281         20
        8298        8281         18
        8331        8331         24
        8702        8702         79
        8835        8835         18
        8837        8837         34

TABLE    : start_time (850)

   ggh4_orig   ggh4_dest      total
        1094        1128          5
        1102        1102          9
        1111        1152         31
        1152        1152         40
        1159        1168         14
        1171        1171         15
        1275        1275         32
        1467        1467         13
        1520        1500         35
        1620        1620         15
        2085        2085         30
        2198        2187         11
        3055        3055         39
        3116        3124         22
        3223        3223         15
        3272        3272         31
        3295        3295         13
        3345        3345         27
        3470        3470         29
        4015        4015         67
        4043        4035         23
        4050        4050         36
        4104        4094         28
        4260        4260        127
        4329        4329         36
        4341        4335         36
        4376        4376         29
        5143        5135         30
        6150        6150         32
        6156        6176        106
        7062        7067         19
        8153        8153         28
        8268        8268         33
        8313        8313         42
        8375        8375         30
        8525        8528         34
        8805        8805         10
        9130        9130          9

TABLE    : start_time (855)

   ggh4_orig   ggh4_dest      total
        2227        2227         22
        3392        3392         16
        4094        4094         74
        4162        4162         19
        5006        5010         34
        5059        5059         39
        5143        5143         30
        6051        6051         51
        6156        6176         81
        8424        8424         44
        8872        8872          9

TABLE    : start_time (900)

   ggh4_orig   ggh4_dest      total
        1030        1030         38
        1071        1126         42
        1111        1135         28
        1117        1152          5
        1128        1137          7
        1129        1152         19
        1135        1152         40
        1142        1114         37
        1144        1152          6
        1164        1152         19
        1175        1152         12
        1177        1152         36
        1184        1152         43
        1197        1152         23
        1218        1206        120
        1230        1230         13
        1270        1220         18
        1380        1343         16
        1535        1541         26
        1562        1554         25
        1593        1593         17
        1607        1607         39
        2013        2013         31
        2014        2014         22
        2149        2149         33
        2150        2150         27
        2181        2181         31
        2201        2201         37
        2223        2227         41
        3066        3066          5
        3116        3124         52
        3119        3119         48
        3130        3130         17
        3137        3137         25
        3273        3273         15
        3293        3281         14
        3293        3293         36
        3392        3392         15
        3431        3427        154
        3470        3470         22
        4030        4030         63
        4046        4046         11
        4111        4111         28
        4162        4162         34
        4177        4177         12
        4257        4267         11
        4269        4269         68
        4319        4338         16
        4364        4364         34
        5040        5040         36
        5044        5044         65
        5046        5040         19
        5059        5059         44
        5065        5065         30
        5092        5092         36
        5101        5101         19
        5106        5101         79
        5107        5107         16
        5114        5105         54
        5124        5124         22
        5143        5135         13
        5148        5148         30
        5148        5158         15
        6059        6059         78
        6198        6200         45
        7016        7016         10
        7126        7126         28
        8211        8211         22
        8255        8255         46
        8361        8380         12
        8375        8375         51
        8384        8380         21
        8392        8380         39
        8392        8384         62
        8394        8380         21
        8526        8528         78
        8703        8706         32
        8809        8809         15
        8814        8809         12
        8830        8830         24
        8837        8837         37
        8871        8871         20

TABLE    : start_time (905)

   ggh4_orig   ggh4_dest      total
        1567        1553         31
        3153        3124         16
        5059        5059         12
        6032        6032         67
        6198        6200         27
        8281        8281         29
        8520        8532         16
        8834        8834         21

TABLE    : start_time (910)

   ggh4_orig   ggh4_dest      total
        1175        1152         21
        1209        1187         18
        1243        1152         16
        1562        1576         72
        2005        2005         61
        3044        3058         39
        3293        3293         11
        5009        5016         74
        8347        8347         24
        8840        8840         57

TABLE    : start_time (915)

   ggh4_orig   ggh4_dest      total
        1136        1102         36
        1152        1129         18
        1189        1152         53
        4054        4054         11
        4362        4362         22
        6198        6200         45

TABLE    : start_time (920)

   ggh4_orig   ggh4_dest      total
        1161        1152         19
        1177        1152         35
        5028        5025         22
        5092        5093         96
        8392        8384         23

TABLE    : start_time (925)

   ggh4_orig   ggh4_dest      total
        1599        1599         20
        8558        8532         19

TABLE    : start_time (930)

   ggh4_orig   ggh4_dest      total
        1138        1152         79
        1171        1152         28
        1180        1152         24
        1197        1152         17
        1321        1357         21
        3419        3427         12
        4066        4066         20
        4078        4083         81
        4370        4370         21
        8379        8384         32
        8384        8380         59
        8392        8380         26
        8397        8380         18

TABLE    : start_time (935)

   ggh4_orig   ggh4_dest      total
        1166        1152          6
        2215        2215         15

TABLE    : start_time (940)

   ggh4_orig   ggh4_dest      total
        1095        1142         10
        1132        1142         14
        1142        1152         30
        3257        3257         35
        8379        8384         14

TABLE    : start_time (945)

   ggh4_orig   ggh4_dest      total
        1152        1152         25
        1177        1152         14
        1189        1152         42
        1318        1314         48
        3219        3208         26
        8392        8384         23

TABLE    : start_time (950)

   ggh4_orig   ggh4_dest      total
        1138        1152         40
        1161        1152         54

TABLE    : start_time (955)

   ggh4_orig   ggh4_dest      total
        1114        1125         40

TABLE    : start_time (1000)

   ggh4_orig   ggh4_dest      total
        1101        1152          9
        1112        1152        130
        1120        1114         34
        1124        1152         59
        1138        1152         19
        1189        1152         42
        1197        1152         15
        1413        1392         17
        1560        1560         13
        2212        2192         50
        2215        2215         26
        4187        4174         19
        5007        5009         62
        6198        6200         39
        6200        6200         74
        8361        8380         23
        8379        8384         54
        8384        8380         21
        8530        8532         28

TABLE    : start_time (1010)

   ggh4_orig   ggh4_dest      total
        1175        1152         23
        8384        8380         16
        8392        8380         65

TABLE    : start_time (1015)

   ggh4_orig   ggh4_dest      total
        1120        1114         23
        1154        1152         65
        8389        8384          8

TABLE    : start_time (1020)

   ggh4_orig   ggh4_dest      total
        1177        1152         23
        3372        3369         79
        5092        5101         81

TABLE    : start_time (1030)

   ggh4_orig   ggh4_dest      total
        1164        1152         19
        1177        1152         99
        1180        1152         30
        1182        1144         98
        1197        1152         33
        1214        1152          9
        1492        1510         10
        8384        8380         31

TABLE    : start_time (1040)

   ggh4_orig   ggh4_dest      total
        1175        1152         58
        8384        8380         16

TABLE    : start_time (1045)

   ggh4_orig   ggh4_dest      total
        1161        1152         59
        3399        3398         52

TABLE    : start_time (1050)

   ggh4_orig   ggh4_dest      total
        1111        1152         31
        1177        1152          4
        8384        8380         16

TABLE    : start_time (1100)

   ggh4_orig   ggh4_dest      total
        1100        1142         25
        1124        1152        118
        1154        1152         37
        1175        1152         29
        1177        1152         75
        1586        1586          3
        3279        3295          9
        6198        6200         19
        8384        8380         21
        8530        8532          9

TABLE    : start_time (1105)

   ggh4_orig   ggh4_dest      total
        1117        1152         19

TABLE    : start_time (1115)

   ggh4_orig   ggh4_dest      total
        1129        1114         24

TABLE    : start_time (1120)

   ggh4_orig   ggh4_dest      total
        1090        1114         40
        1486        1510          3

TABLE    : start_time (1125)

   ggh4_orig   ggh4_dest      total
        8872        8872          9

TABLE    : start_time (1130)

   ggh4_orig   ggh4_dest      total
        1111        1129         30
        1572        1554         21

TABLE    : start_time (1135)

   ggh4_orig   ggh4_dest      total
        4104        4102         42

TABLE    : start_time (1140)

   ggh4_orig   ggh4_dest      total
        1132        1142         14

TABLE    : start_time (1145)

   ggh4_orig   ggh4_dest      total
        1142        1142         11

TABLE    : start_time (1150)

   ggh4_orig   ggh4_dest      total
        1142        1142          8

TABLE    : start_time (1200)

   ggh4_orig   ggh4_dest      total
        1142        1152         25
        1152        1152         21
        1154        1152         37
        1175        1152         29
        1305        1305         15
        4072        4077         21
        4185        4181         13
        8384        8380         21
        8534        8532          8

TABLE    : start_time (1215)

   ggh4_orig   ggh4_dest      total
        6198        6200         19

TABLE    : start_time (1220)

   ggh4_orig   ggh4_dest      total
        1554        1495         21
        8544        8541         12

TABLE    : start_time (1225)

   ggh4_orig   ggh4_dest      total
        1175        1152         21

TABLE    : start_time (1230)

   ggh4_orig   ggh4_dest      total
        1166        1152        132
        4076        4077         19
        4090        4077         18
        4096        4074          9

TABLE    : start_time (1235)

   ggh4_orig   ggh4_dest      total
        1091        1152         12

TABLE    : start_time (1240)

   ggh4_orig   ggh4_dest      total
        1164        1152         19

TABLE    : start_time (1245)

   ggh4_orig   ggh4_dest      total
        1164        1152         30

TABLE    : start_time (1250)

   ggh4_orig   ggh4_dest      total
        1142        1142         37
        1142        1152         30
        1177        1152          5
        8384        8380         23

TABLE    : start_time (1300)

   ggh4_orig   ggh4_dest      total
        1172        1172         18
        1186        1142         41
        8534        8532         41

TABLE    : start_time (1310)

   ggh4_orig   ggh4_dest      total
        1177        1152         32
        6198        6200         19

TABLE    : start_time (1315)

   ggh4_orig   ggh4_dest      total
        1180        1152         20

TABLE    : start_time (1330)

   ggh4_orig   ggh4_dest      total
        1177        1175         17
        1376        1376        107

TABLE    : start_time (1345)

   ggh4_orig   ggh4_dest      total
        1142        1114         25
        1142        1142         25

TABLE    : start_time (1355)

   ggh4_orig   ggh4_dest      total
        1562        1554         45

TABLE    : start_time (1400)

   ggh4_orig   ggh4_dest      total
        1111        1152         51
        1129        1152         24
        8379        8384         14

TABLE    : start_time (1415)

   ggh4_orig   ggh4_dest      total
        1545        3036         33
        6198        6200         72
        8380        8380         31
        8532        8532         11

TABLE    : start_time (1430)

   ggh4_orig   ggh4_dest      total
        1177        1152         11
        8805        8809         16

TABLE    : start_time (1445)

   ggh4_orig   ggh4_dest      total
        1135        1152         36

TABLE    : start_time (1500)

   ggh4_orig   ggh4_dest      total
        1114        1042         40
        1175        1152         23
        6200        6200         37
        9109        9109         13

TABLE    : start_time (1515)

   ggh4_orig   ggh4_dest      total
        8532        8532         23

TABLE    : start_time (1520)

   ggh4_orig   ggh4_dest      total
        8525        8532         13

TABLE    : start_time (1530)

   ggh4_orig   ggh4_dest      total
        1382        1382         14

TABLE    : start_time (1550)

   ggh4_orig   ggh4_dest      total
        1161        1152         37
        1587        1554         64

TABLE    : start_time (1600)

   ggh4_orig   ggh4_dest      total
        1117        1142         14

TABLE    : start_time (1615)

   ggh4_orig   ggh4_dest      total
        1138        1114         11

TABLE    : start_time (1645)

   ggh4_orig   ggh4_dest      total
        1171        1152         22

TABLE    : start_time (1700)

   ggh4_orig   ggh4_dest      total
        1175        1152         14

TABLE    : start_time (1715)

   ggh4_orig   ggh4_dest      total
        1050        1114         15
        1135        1114         23

TABLE    : start_time (1730)

   ggh4_orig   ggh4_dest      total
        1088        1142         19
        1095        1114         15
        1122        1172         10
        1129        1122         16

TABLE    : start_time (1745)

   ggh4_orig   ggh4_dest      total
        1152        1152         18

TABLE    : start_time (1755)

   ggh4_orig   ggh4_dest      total
        1111        1152         19

TABLE    : start_time (1800)

   ggh4_orig   ggh4_dest      total
        1066        1114          9
        1091        1111         60
        1188        1142         17

TABLE    : start_time (1820)

   ggh4_orig   ggh4_dest      total
        1197        1152         40

TABLE    : start_time (1825)

   ggh4_orig   ggh4_dest      total
        1195        1122         12

TABLE    : start_time (1830)

   ggh4_orig   ggh4_dest      total
        1044        1043         33

TABLE    : start_time (1845)

   ggh4_orig   ggh4_dest      total
        1197        1152         27

TABLE    : start_time (1900)

   ggh4_orig   ggh4_dest      total
        1199        1152         17

TABLE    : start_time (2000)

   ggh4_orig   ggh4_dest      total
        2004        6200         16

TABLE    : start_time (2125)

   ggh4_orig   ggh4_dest      total
        3416        3416         11
