Thu Nov 02 2023 17:07:04 GMT+0000 (Coordinated Universal Time) - Run Time: 2200ms

Cross Tabulation Query Form - Trip - 2016 v1.1

Row: GGHM V4 zone of origin - ggh4_orig
Column: GGHM V4 zone of destination - ggh4_dest
Table: Start time of trip - start_time


Filters:
Day of week trip data were collected - trip_day In 1, 
and
Trip purpose of destination - purp_dest In D, 
and
Primary travel mode of trip - mode_prime In B, 

Trip 2016 
Table: 610

,1111
1299,38

Trip 2016 
Table: 645

,3069
3071,11

Trip 2016 
Table: 715

,1153,1159
1048,0,27
1528,39,0

Trip 2016 
Table: 725

,5043
5015,116

Trip 2016 
Table: 730

,1292
1443,37

Trip 2016 
Table: 750

,1321
1324,82

Trip 2016 
Table: 800

,1299
1299,31

Trip 2016 
Table: 813

,1285
1309,29

Trip 2016 
Table: 815

,4268
4268,133

Trip 2016 
Table: 830

,1496,6206
1491,21,0
6149,0,77

Trip 2016 
Table: 925

,1534
1513,25

Trip 2016 
Table: 1000

,1498
1511,37

Trip 2016 
Table: 1430

,1320,1534
1320,40,0
1491,0,25

Trip 2016 
Table: 1435

,1534
1513,25

Trip 2016 
Table: 1500

,1107,1212,1530,3179
1091,0,0,24,0
1129,0,0,0,19
1138,20,0,0,0
1443,0,37,0,0

Trip 2016 
Table: 1515

,1496
1491,21

Trip 2016 
Table: 1545

,1240
1340,17

Trip 2016 
Table: 1550

,3153
1122,28

Trip 2016 
Table: 1600

,1042,1111,1224,1285,1498,1535,1599,3024
1075,0,0,21,0,0,0,0,0
1090,0,0,0,21,0,0,0,0
1104,0,38,0,0,0,0,0,0
1117,0,0,0,0,0,0,0,10
1135,0,0,0,0,66,16,0,0
1205,13,0,0,0,0,0,0,0
1233,0,0,0,0,0,0,18,0
1293,0,0,0,0,66,0,0,0

Trip 2016 
Table: 1605

,1191
1114,6

Trip 2016 
Table: 1610

,1116
1105,24

Trip 2016 
Table: 1620

,4268
1135,133

Trip 2016 
Table: 1630

,1058,1063,1161,1285,1380,1581,2058,3069,3094
1066,0,0,0,0,0,0,0,11,0
1122,0,0,0,0,0,0,0,0,15
1129,0,0,0,0,16,0,0,0,0
1142,0,0,0,0,0,0,0,0,15
1144,0,36,0,0,0,0,0,0,0
1307,15,0,0,0,0,0,0,0,0
1309,0,0,0,29,0,0,0,0,0
1357,0,0,31,0,0,15,0,0,0
1490,0,0,0,0,0,0,31,0,0

Trip 2016 
Table: 1640

,1006,1498
1164,11,0
1511,0,37

Trip 2016 
Table: 1645

,1112,1119,1380,1559,5043
1104,0,0,13,0,0
1122,0,12,0,0,0
1264,5,0,0,0,0
1518,0,0,0,19,0
5035,0,0,0,0,116

Trip 2016 
Table: 1700

,1181,1291,1299,1396
1061,0,33,0,0
1110,12,0,0,0
1412,0,0,0,55
1449,0,0,31,0

Trip 2016 
Table: 1710

,1055
1135,14

Trip 2016 
Table: 1715

,1066
1172,12

Trip 2016 
Table: 1730

,1149,1153,1280
1122,0,0,32
1129,0,39,0
1227,15,0,0

Trip 2016 
Table: 1810

,1190
1100,18

