Thu Nov 02 2023 15:25:33 GMT+0000 (Coordinated Universal Time) - Run Time: 7017ms

Cross Tabulation Query Form - Trip - 2016 v1.1

Row: GGHM V4 zone of origin - ggh4_orig
Column: GGHM V4 zone of destination - ggh4_dest
Table: Start time of trip - start_time


Filters:
Day of week trip data were collected - trip_day In 1, 
and
Trip purpose of destination - purp_dest In S, 
and
Primary travel mode of trip - mode_prime In W, 

Trip 2016
ROW : ggh4_orig
COLUMN : ggh4_dest

TABLE    : start_time (420)

   ggh4_orig   ggh4_dest      total
        8123        8136         52

TABLE    : start_time (530)

   ggh4_orig   ggh4_dest      total
        1505        1517         15

TABLE    : start_time (615)

   ggh4_orig   ggh4_dest      total
        8288        8288         35

TABLE    : start_time (630)

   ggh4_orig   ggh4_dest      total
        8279        8288         35

TABLE    : start_time (700)

   ggh4_orig   ggh4_dest      total
        1468        1436         28
        4007        4003         20
        4071        4060         26
        4104        4094         64
        4143        4147         40
        8384        8380         28
        8872        8872         27

TABLE    : start_time (705)

   ggh4_orig   ggh4_dest      total
        4260        4273         10

TABLE    : start_time (710)

   ggh4_orig   ggh4_dest      total
        3196        3196          8
        8261        8309         22

TABLE    : start_time (715)

   ggh4_orig   ggh4_dest      total
        1425        1411         37
        4057        4074         52
        4071        4060         22
        4310        4310         33
        6230        6227         29
        8238        8264         18
        8832        8830         68
        8898        8898         28

TABLE    : start_time (720)

   ggh4_orig   ggh4_dest      total
        4290        4266         14
        6206        6177         53
        7067        7067         72

TABLE    : start_time (725)

   ggh4_orig   ggh4_dest      total
        4007        4002         20
        4007        4003         20
        4028        4035         15
        8220        8236         36
        8255        8255         25

TABLE    : start_time (730)

   ggh4_orig   ggh4_dest      total
        1326        1326         20
        1354        1336         36
        1426        1467         31
        1509        1382         30
        1556        1556          7
        1581        1533          9
        2134        2181         19
        2143        2143          4
        2158        2181         22
        2235        2235         20
        3097        3080         29
        3135        3135         13
        3177        3177         64
        3220        3155         23
        3293        3281         22
        3392        3389         20
        3398        3398         10
        4040        4040         18
        4040        4060         24
        4052        4060         20
        4070        4040         47
        4075        4056         38
        4098        4114         24
        4104        4102         14
        4163        4177         43
        4200        4228         73
        4247        4251         19
        4293        4272         27
        4293        4293         27
        4300        4300         26
        5019        5016         31
        5095        5095         24
        5183        5183         24
        6041        6031         25
        6041        6032         35
        6056        6065         80
        6107        6090         29
        8245        8255         75
        8247        8264         19
        8249        8264         18
        8250        8252         42
        8252        8252         20
        8290        8288         36
        8313        8333         32
        8340        8364         40
        8427        8427         24
        8805        8809         11
        8813        8815         15
        8828        8828        110
        8834        8834        157
        8835        8835         31
        8840        8840         44
        8857        8863         17
        8860        8865         75
        9012        9012         31

TABLE    : start_time (735)

   ggh4_orig   ggh4_dest      total
        1141        1114         25
        2223        2227         18
        4293        4272         23
        6091        6065         29
        8261        8309         22
        8830        8830         38
        9012        9012          8

TABLE    : start_time (740)

   ggh4_orig   ggh4_dest      total
        1341        1341         53
        2002        2002         19
        2141        2141         28
        3135        3135         42
        3177        3177         32
        3193        3208          9
        4003        4002         10
        4078        4114         21
        4104        4102         40
        4198        4171         38
        4228        4228         28
        4244        4228         45
        4247        4251          8
        4268        4267        100
        4290        4280         14
        5028        5036         32
        8211        8213         51
        8245        8236         18
        8871        8871         25

TABLE    : start_time (745)

   ggh4_orig   ggh4_dest      total
        1043        1043         37
        1092        1146         54
        1360        1378         12
        1538        1566         18
        2150        2202         33
        2156        2198        128
        2174        2174         31
        3135        3135         18
        3173        3135         24
        3173        3173         11
        3269        3269         24
        3276        3288         52
        3293        3293         22
        3345        3358         44
        3417        3429         39
        4010        4012         23
        4020        4020         40
        4066        4084         47
        4105        4105         10
        4117        4105         42
        4210        4224         21
        4214        4228         21
        4286        4293         19
        4332        4341         44
        5034        5044         41
        5037        5036         20
        5059        5051         22
        5084        5084         41
        5143        5135          7
        5192        5192         43
        5194        5192         23
        6091        6065         29
        6107        6119         22
        7157        7157         15
        8248        8264         33
        8303        8303         48
        8308        8319         20
        8338        8364         17
        8520        8520         32
        8865        8865         19
        8898        8898         44
        9012        9012         38

TABLE    : start_time (746)

   ggh4_orig   ggh4_dest      total
        4155        4164         10

TABLE    : start_time (750)

   ggh4_orig   ggh4_dest      total
        1055        1126         14
        1341        1341         32
        1376        1376         32
        2139        2139         39
        2149        2192         31
        2196        2196         47
        2218        2215         78
        3179        3179          6
        3257        3257         26
        3263        3247         21
        3269        3269         24
        3396        3396         24
        3473        3473         17
        4030        4023         68
        4080        4097         31
        4117        4105         27
        4173        4173         29
        4177        4177         19
        4259        4272          4
        4266        4266         36
        4273        4273         10
        4278        4278          8
        4298        4310         14
        5108        5095         71
        5148        5162         14
        5158        5142         10
        7060        7070         85
        7155        7144         23
        7155        7155         33
        8294        8303         12
        8427        8427         54
        8809        8809         22
        8863        8863          4
        9012        9012         31
        9022        9022         43

TABLE    : start_time (755)

   ggh4_orig   ggh4_dest      total
        1366        1381         36
        3275        3269         18
        4023        4023         25
        4062        4058         14
        4173        4173         29
        4285        4297         43
        5009        5016         44
        8338        8364         32

TABLE    : start_time (800)

   ggh4_orig   ggh4_dest      total
        1071        1126         11
        1111        1135         19
        1122        1142         20
        1146        1146         18
        1147        1142         43
        1169        1206         18
        1206        1209         15
        1207        1187         15
        1242        1215         13
        1243        1152         16
        1244        1243         27
        1253        1242         13
        1309        1340         29
        1343        1343         15
        1354        1354         42
        1359        1359         35
        1367        1343         14
        1378        1378          6
        1378        1418          6
        1381        1381         25
        1388        1374         50
        1400        1428          7
        1426        1467         31
        1427        1427         41
        1468        1468         57
        1480        1471          5
        1486        1510         46
        1509        1541         22
        1512        1500         11
        1513        1500         16
        1521        1565         66
        1525        1525         61
        1538        1565          9
        1563        1541         39
        1568        1557          7
        1578        1578         17
        1597        1589          5
        1599        1599         60
        1619        1615         68
        2013        2013          9
        2038        2065         15
        2042        2042         51
        2055        2055         38
        2094        2094         18
        2104        2104         36
        2124        2124         13
        2140        2169         66
        2141        2097          8
        2143        2097         29
        2143        2143        116
        2150        2181         36
        2157        2157         34
        2160        2192         13
        2177        2177         19
        2198        2198          6
        2235        2235         43
        2292        2294         26
        3060        3060         26
        3097        3097         21
        3116        3116         20
        3119        3135         60
        3137        3116         29
        3137        3137         25
        3144        3144        155
        3160        3206         26
        3167        3155         31
        3173        3135         17
        3179        2063         10
        3179        3179         22
        3212        3212         19
        3224        3208         16
        3269        3269         61
        3281        3281        197
        3281        3288         17
        3285        3285         45
        3287        3269         25
        3290        3295         10
        3293        3281         43
        3343        3348         40
        3392        3389         18
        3408        3408         29
        3415        3408         37
        3417        3429         39
        3419        3416         44
        3424        3428         27
        4019        4019         18
        4020        4020         25
        4023        4030         43
        4026        4039         23
        4035        4028         55
        4036        4039         22
        4040        4040         85
        4041        4028         30
        4042        4032         55
        4043        4035          3
        4046        4074         30
        4054        4040         27
        4059        4069         23
        4066        4084         12
        4071        4060         47
        4074        4074         22
        4080        4066         31
        4099        4099         26
        4121        4124         12
        4133        4124         11
        4134        4129         23
        4174        4160         16
        4177        4177         17
        4186        4189         39
        4200        4200         14
        4228        4228         15
        4235        4245         22
        4245        4245         20
        4246        4266         59
        4247        4251         41
        4251        4251         12
        4255        4278         23
        4279        1361        116
        4285        4285          9
        4293        4285         23
        4317        4317         14
        4320        4320         20
        4340        4340         10
        4341        4341         16
        4370        4370         29
        5011        5016         30
        5030        5036         33
        5038        5038          4
        5076        5076         23
        5107        5122         18
        5124        5124         26
        5125        5125         13
        5158        5158         16
        6002        6009         37
        6051        6050         51
        6079        6111          8
        6098        6065         99
        6114        6114         42
        6114        6122         42
        6138        6140         13
        6155        6152         54
        6166        6211         95
        6176        6206         47
        6177        6200         20
        6177        6206         51
        6178        6132         73
        6196        6190         43
        6206        6198         29
        7003        7003         98
        7037        7037         23
        7067        7067          5
        7159        7159         34
        7162        7155         28
        7168        7037         49
        8107        8107         10
        8221        8216          5
        8239        8239         82
        8248        8248         42
        8271        8282         27
        8273        8268         30
        8303        8290         42
        8312        8312         21
        8316        8321        161
        8318        8305         72
        8357        8368         23
        8359        8353         27
        8364        8364        128
        8368        8392          8
        8376        8364         90
        8382        8390         12
        8389        8390         14
        8392        8380         34
        8392        8384         13
        8401        8405         67
        8534        8532         18
        8809        8809         16
        8813        8815         36
        8814        8809         42
        8830        8830         51
        8834        8834         39
        8893        8893         27
        8898        8898         15

TABLE    : start_time (805)

   ggh4_orig   ggh4_dest      total
        1071        1126         11
        1246        1246         13
        1378        1378          7
        1531        1568          7
        1583        1583         26
        2085        2085         20
        2156        2156         23
        2169        2169         10
        2191        2191         11
        2202        2155         40
        3101        3109         20
        3171        3160         52
        3220        3251         29
        3259        3259         11
        4017        1129         22
        4052        4064         27
        4300        4310         27
        4341        4341         38
        5058        5058         32
        5102        5096         18
        5143        5143         14
        8255        8255         12
        8529        8524         50

TABLE    : start_time (810)

   ggh4_orig   ggh4_dest      total
        1055        1126          9
        1169        1181         76
        1190        1204         19
        1276        1265         38
        1297        1318         33
        1337        1371         17
        1391        1328        136
        1412        1398         41
        1483        1483         44
        1491        1491         14
        1538        1538         15
        1582        1578         19
        1606        1606         32
        1619        1615         65
        1620        1620         13
        2014        2014          9
        2031        2031         20
        2042        2042         20
        2055        2042         26
        2150        2155         36
        2156        2156         16
        2177        2177         45
        2177        2181         45
        2292        2292         26
        2294        2292         48
        3141        3141         68
        3168        3170         24
        3201        3208         25
        3212        3212         30
        3219        3208         12
        3219        3224         12
        3226        3208         55
        3345        3348         30
        3394        3394         25
        3431        3431         20
        4023        4023         41
        4040        4040         27
        4084        4066         68
        4133        4121         11
        4228        4228         43
        4268        4279         28
        4278        4278         17
        4280        4280         18
        4287        4287         60
        4320        4320         32
        4329        4329         32
        4340        4340          5
        4341        4341         13
        5034        5034         41
        5050        5054         27
        5094        5096        101
        5158        5158         79
        6051        6051         51
        6084        6084         55
        6095        6114         33
        6200        6200         28
        7003        7003         32
        7084        7084         29
        7107        7107         25
        8209        8210         27
        8209        8215         62
        8292        8292         19
        8359        8353         66
        8366        8366         23
        8392        8380         57
        8427        8427         22
        8702        8702         22
        8801        8806         50
        8865        8872         23
        8898        8898         28
        9112        9112         20

TABLE    : start_time (815)

   ggh4_orig   ggh4_dest      total
        1002        1004         70
        1103        1103        107
        1118        1126         33
        1126        1126         98
        1131        1103         25
        1138        1111         40
        1151        1126         19
        1154        1152         23
        1161        1152         29
        1168        1128          8
        1182        1143         26
        1207        1207         13
        1207        1230         13
        1216        1222         29
        1223        1223         28
        1224        1204         15
        1252        1252         49
        1260        1230          6
        1291        1318         16
        1307        1303         16
        1315        1271         18
        1331        1331         32
        1348        1353         20
        1380        1343         17
        1398        1371         20
        1403        1444         58
        1409        1418         16
        1441        1441         25
        1491        1500         23
        1521        1565          8
        1547        1547         34
        1550        1578         36
        1554        1554         50
        1567        1553         20
        1580        1599         28
        1582        1578         19
        1617        1599         17
        2020        2021         54
        2063        2063         17
        2141        2097         59
        2150        2150         33
        2156        2156         11
        2241        2241         14
        2294        2292         48
        3069        3094         19
        3091        3091         27
        3097        3097         30
        3116        3116         26
        3137        3137         22
        3144        3144         34
        3179        3179         15
        3203        3203         67
        3219        3208         15
        3238        3238         33
        3242        3242         37
        3257        3257         20
        3259        3259         19
        3285        3285         57
        3290        3287         10
        3345        3348         28
        4023        4023         73
        4046        4046         18
        4052        4030         15
        4054        4054         27
        4073        4058         12
        4074        4074         15
        4090        4078         37
        4129        4129         76
        4164        4164         92
        4246        4246         21
        4251        4251         30
        4273        4273         21
        4274        4274         56
        4278        4278         25
        4307        4307         20
        4329        4317         57
        5054        5054         70
        5076        5076         38
        5094        5096        101
        5113        5113         37
        5124        5112         23
        5125        5125         13
        5183        5183         14
        6041        6041         54
        6084        6111         55
        6175        6191        230
        6181        6206         79
        7016        7016         22
        7168        7168         11
        8108        8107         27
        8139        8125         16
        8217        8217         55
        8243        8253         19
        8255        8255          7
        8268        8268         20
        8312        8312         32
        8322        8322         25
        8377        8377         25
        8379        8352         20
        8390        8390         15
        8392        8380         17
        8529        8541         50
        8576        8576         45
        8858        8858         71
        8859        8858         36
        9123        9123         24
        9125        9131         16

TABLE    : start_time (820)

   ggh4_orig   ggh4_dest      total
        1041        1041         29
        1043        1043          8
        1055        1118         17
        1138        1152         20
        1156        1185         12
        1162        1187         11
        1186        1187          7
        1197        1142         31
        1207        1207         14
        1236        1278         53
        1306        1306         23
        1314        1314         10
        1337        1371         19
        1413        1392         12
        1423        1443         30
        1429        1455         19
        1461        1461         49
        1468        1468         12
        1505        1512         23
        1510        1510         17
        1543        1562         44
        1557        1557          7
        1566        1566         17
        1568        1589          8
        1582        1582         40
        1589        1589         16
        1604        1598         12
        1604        1615         12
        1614        1620         16
        1615        1615         24
        1620        1620         13
        2055        2042         26
        2063        2094         83
        2157        2157         33
        2206        2206         17
        3060        3060         18
        3091        3094         27
        3190        3190         20
        3216        3216         13
        3258        3258         32
        3272        3272         21
        3290        3295         15
        4056        4056         22
        4061        4061         11
        4075        4058         21
        4121        4121         19
        4254        4244         29
        4286        4286         16
        4287        4287         12
        4320        4320         29
        5023        5024         20
        5037        5028         18
        5044        5044         14
        5054        5054         23
        5069        5069         19
        5076        5076         25
        5113        5113         14
        5122        5122         40
        5124        5124         35
        5129        5122         46
        5148        5148         14
        5183        4081         17
        5189        5189         32
        6097        6097         49
        6142        6142         29
        7084        7084         29
        7094        7094         97
        7145        7145         10
        8110        8110         51
        8156        8156          5
        8238        8243         32
        8340        8364         40
        8368        8368         21
        8379        8384         28
        8387        8387         30
        8601        8601          7
        8705        8706         44
        8865        8865         36
        9112        9112         26

TABLE    : start_time (825)

   ggh4_orig   ggh4_dest      total
        1055        1071         14
        1063        1111          5
        1146        1146         36
        1153        1187         29
        1192        1207         32
        1204        1220         16
        1209        1187         14
        1226        1226         10
        1286        1259         23
        1304        1325         24
        1353        1353          7
        1353        1411         18
        1371        1371          5
        1466        1500         16
        1468        1468         29
        1501        1501        168
        1513        1534         30
        1547        1547         19
        1604        1615         17
        2055        2055         28
        2115        2094         26
        2157        2157         54
        2235        2235         20
        3116        3116         22
        3187        3187         19
        3257        3257         51
        3303        3303         41
        4074        4074          7
        4341        4341         17
        5038        5038          8
        5122        5122         25
        6224        6224         23
        7045        7045         41
        7067        7067          5
        7154        7154         31
        8524        8524         34
        8560        8565         26
        8710        8710         82
        8837        8837         17

TABLE    : start_time (826)

   ggh4_orig   ggh4_dest      total
        2094        2094         13

TABLE    : start_time (830)

   ggh4_orig   ggh4_dest      total
        1024        1045         19
        1030        1045         25
        1049        1070          7
        1055        1071          9
        1071        1071         11
        1108        1146         18
        1114        1096         13
        1118        1126         31
        1119        1119          6
        1119        1128          5
        1125        1147         19
        1131        1103         21
        1131        1193         22
        1141        1142         16
        1144        1144         49
        1155        1147         16
        1158        1126         15
        1159        1159         91
        1169        1162         11
        1169        1187         18
        1181        1181         20
        1186        1187         30
        1192        1215         35
        1202        1192         29
        1202        1215         41
        1207        1207         13
        1208        1187         25
        1229        1242         12
        1240        1240         27
        1242        1285         13
        1244        1232          6
        1244        1243         17
        1249        1249         11
        1254        1254         11
        1275        1275         18
        1278        1278         25
        1293        1303         40
        1293        1321         40
        1299        1340         24
        1301        1301         15
        1302        1341         25
        1306        1306         23
        1315        1271         18
        1326        1326         29
        1326        1336         29
        1329        1311         16
        1329        1329         59
        1343        1343          9
        1348        1348         19
        1349        1349         19
        1352        1370         71
        1354        1346         20
        1374        1388          5
        1381        1366          7
        1388        1427         50
        1394        1343          5
        1409        1409         16
        1414        1444         39
        1418        1418         29
        1418        1438         21
        1425        1441         85
        1427        1444         54
        1428        1381         56
        1441        1411          5
        1442        1444         54
        1443        1443         27
        1446        1429         23
        1446        1455         21
        1452        1459         47
        1468        1468         17
        1481        1481         16
        1488        1488        118
        1491        1500         16
        1495        1495         12
        1521        1565         45
        1539        1565         29
        1547        1547         36
        1556        1556         65
        1559        1582         12
        1563        1593         10
        1566        1565         17
        1567        1553         41
        1567        1567         41
        1572        1572         43
        1578        1578         17
        1580        1599         29
        1590        1553         13
        1592        1592         13
        1593        1589         44
        1603        1603         16
        1604        1604          6
        1613        1593         12
        1615        1615         15
        1620        1620         45
        1621        1621         46
        1626        1626         13
        2002        2002         52
        2013        2013          9
        2014        2013         14
        2014        2014         58
        2020        2020         39
        2020        2021         92
        2026        2031         17
        2032        2021         25
        2041        2041         35
        2055        2042         29
        2055        2055         39
        2094        2094         18
        2104        2104         54
        2124        2124         13
        2156        2157         27
        2177        2181         53
        2181        2181         11
        2198        2198         37
        2206        2206         22
        2235        2235         40
        2241        2235         26
        2295        2295         41
        3015        3006         10
        3060        3051         24
        3083        3083          9
        3094        8425         62
        3116        4030         16
        3120        3161         21
        3130        3130         13
        3144        3144         54
        3221        3221         15
        3257        3257         32
        3273        3280         18
        3295        3295         23
        3318        3323         18
        3333        3333          8
        3362        3351        102
        3382        3382         25
        3403        3409         26
        4011        6146          7
        4023        4030         18
        4040        4040         57
        4043        4043         12
        4051        4051         13
        4057        4057         20
        4067        4065         15
        4075        4065         16
        4117        4117         44
        4138        4138         17
        4171        4164         34
        4226        4244          7
        4228        4228         35
        4268        4279         42
        4273        4273         26
        4310        4310         55
        4311        4311         42
        4331        4331         24
        4332        4341         68
        4341        4341         56
        4367        4367         26
        5039        5039         33
        5050        5050         23
        5050        5054         30
        5084        5084         70
        5111        5102         20
        5194        5195         23
        6053        6053         37
        6155        6132         83
        6159        6150        170
        6189        6195         31
        7046        7045         53
        7067        7067         72
        7083        7083         32
        7093        1620         30
        7148        7159         26
        8125        8133         77
        8152        8147         78
        8152        8152         78
        8217        8210         34
        8315        8315         66
        8338        8340         17
        8381        8381         40
        8427        8427         24
        8520        8520         15
        8522        8528         57
        8536        8533         44
        8576        8576         37
        8702        8702         28
        8830        8830         18
        8832        8831         17
        8857        8857         17
        8865        8872         47
        8885        8885         35
        8895        8895         91

TABLE    : start_time (835)

   ggh4_orig   ggh4_dest      total
        1081        1081         64
        1126        1126          5
        1143        1143          6
        1169        1187         18
        1187        1187         37
        1192        1192         15
        1197        1152          7
        1215        1215          5
        1215        1242         15
        1293        1321         16
        1409        1409         16
        1425        1441        109
        1463        1463         23
        1505        1517         45
        1556        1556          9
        1594        1602         87
        1599        1599         77
        3116        3116         26
        3124        3116         10
        3150        3150         58
        3160        3160          5
        3251        3257         29
        3266        3266         24
        3303        3295         19
        3330        3331         15
        3398        3399         49
        4030        4030         25
        4052        4052         26
        4117        4117         45
        4226        4244         40
        6057        6057         67
        6177        6200         23
        6206        6198         29
        7133        7133          8
        8268        8268         22
        8312        8312         46
        8524        8524         65
        8576        8576         45
        8706        8706         86
        8828        8828         19

TABLE    : start_time (840)

   ggh4_orig   ggh4_dest      total
        1041        1041         24
        1062        1030         24
        1118        1118         12
        1118        1126         41
        1126        1126         15
        1139        1139         13
        1168        1168          8
        1208        1208         25
        1229        1242         12
        1239        1265         81
        1242        1242         74
        1249        1249          9
        1303        1333         83
        1306        1306         23
        1307        1321         31
        1333        1333          9
        1343        1343         18
        1343        1367         52
        1414        1444         30
        1606        1593         28
        2008        2008         13
        2288        2295         17
        2295        2295         33
        3055        3055         31
        3087        3087         19
        3130        3130         13
        3144        3144         34
        3196        3185         16
        3273        3280         46
        3362        3351         51
        3392        3392          4
        5129        5129         46
        6093        6081         12
        6182        6196         60
        6206        6198         29
        7037        7037         28
        7126        7126         70
        8153        8153         20
        8392        8380         17
        8539        8560         49
        8596        8596         25
        8709        8709         35
        8831        8831         26
        8835        8835         32
        8916        8916         42

TABLE    : start_time (845)

   ggh4_orig   ggh4_dest      total
        1024        1030         17
        1062        1030         21
        1134        1144         18
        1182        1182         26
        1186        1187         19
        1208        1230         22
        1227        1227         21
        1250        1251         30
        1260        1288         21
        1265        1238         29
        1281        1281         14
        1307        1321         23
        1321        1321         37
        1326        1326         32
        1414        1444         39
        1487        1487         15
        1491        1500         62
        1520        1500          4
        1548        1542         24
        1554        1554         50
        1578        1598         17
        1617        1617         64
        2004        2004         13
        2038        2038         31
        2089        2089         21
        2149        2149         13
        2157        2157         19
        2311        2311        155
        3116        3124         22
        3130        3119         24
        3144        3144         19
        3187        3187         25
        3196        3185         26
        3199        3187         20
        3226        3226         17
        3227        3227         17
        3256        3256         55
        3273        3273         16
        3299        3299         21
        3419        3427         12
        3470        3470         42
        4011        4011         14
        4030        4030         15
        4042        4042         25
        4060        4054         23
        4101        4101          9
        4142        4142         16
        4310        4310         33
        4367        4367         19
        5050        5050         16
        5059        5059         32
        5148        5148         34
        8363        8343         18
        8364        8364         42
        8379        8384         28
        8387        8387         20
        8422        8422         31
        8702        8702         20

TABLE    : start_time (850)

   ggh4_orig   ggh4_dest      total
        1117        1129         40
        1118        1118         18
        1166        1152          6
        1239        1239         19
        1263        1260         47
        1299        1299         24
        1520        1500         41
        1569        1569         33
        3196        3196         10
        3212        3212         31
        3293        3293         38
        3351        3351         15
        3392        3392         21
        4015        4015         16
        4023        4030         25
        4030        4030         40
        4200        4200         42
        4244        4228         27
        4329        4329         45
        5044        5040         71
        5045        5045         12
        5108        5095         62
        6229        6229         42
        8105        8105         16
        8250        8250         42
        8252        8252         28
        8281        8281         26
        8424        8424         21
        8705        8706         44
        8858        8858         39
        9128        9128         42

TABLE    : start_time (855)

   ggh4_orig   ggh4_dest      total
        4300        4300         14
        4341        4335         19
        4341        4341         12
        4377        4376         29
        5059        5059         21
        8519        8532         24

TABLE    : start_time (900)

   ggh4_orig   ggh4_dest      total
        1046        1042         28
        1110        1142         10
        1125        1122         15
        1138        1152         23
        1167        1122         30
        1177        1152         79
        1188        1147         38
        1263        1260         24
        1288        1275         25
        1288        1288         36
        1307        1321         31
        1321        1321         59
        1376        1376        103
        1408        1455         12
        1463        1434         23
        1466        1491          9
        1471        1471        112
        1486        1452         46
        1487        1510         34
        1491        1500         25
        1581        1571         63
        2294        2292         33
        3119        3119         39
        3123        3120        126
        3266        3266         26
        3302        3281         25
        4030        4030         68
        4057        4057         32
        4162        4162         20
        5044        5044         26
        5107        5107         17
        5143        5143          8
        6050        6050         33
        7126        7126        143
        8156        8156         35
        8358        8346         65
        8534        8532         10
        8572        8572         41
        8815        8815         61
        8902        8902        102
        9130        9130         12

TABLE    : start_time (905)

   ggh4_orig   ggh4_dest      total
        1111        1152         54
        1506        1506         40
        1581        1571         63
        2149        2149         24
        3130        3130         27
        6198        6200         25
        6202        6175         53
        8340        8340         40

TABLE    : start_time (910)

   ggh4_orig   ggh4_dest      total
        1285        1285         29

TABLE    : start_time (915)

   ggh4_orig   ggh4_dest      total
        1080        1142         12
        1111        1111         43
        1130        1099         17
        5023        5054         59
        5122        5122         14
        6169        6186         70
        6177        6200         10
        6200        6200         48
        8379        8384         56
        8560        8541         26

TABLE    : start_time (920)

   ggh4_orig   ggh4_dest      total
        2218        2215         78
        5050        5054         27

TABLE    : start_time (925)

   ggh4_orig   ggh4_dest      total
        1586        1586         29

TABLE    : start_time (930)

   ggh4_orig   ggh4_dest      total
        1002        1003         26
        1125        1152         30
        1172        1152         27
        1372        1372         20
        1452        1452         47
        3069        3094         31
        5018        5016         33
        7032        7033         73
        8392        8384         14

TABLE    : start_time (940)

   ggh4_orig   ggh4_dest      total
        1129        1152         29
        1177        1152         26

TABLE    : start_time (945)

   ggh4_orig   ggh4_dest      total
        1024        1030         34
        1177        1152         33
        1554        1554         50
        8123        8136         52
        8384        8384         28

TABLE    : start_time (950)

   ggh4_orig   ggh4_dest      total
        1129        1152         43

TABLE    : start_time (955)

   ggh4_orig   ggh4_dest      total
        8123        8136         52

TABLE    : start_time (1000)

   ggh4_orig   ggh4_dest      total
        1091        1114         22
        1100        1152         19
        1117        1152         34
        1142        1114         21
        1177        1152         16
        1388        1376         70
        1403        1376         58
        1510        1510         28
        2218        2215         78
        3259        3249         10
        4358        4358         21
        8123        8136         52
        8384        8384         28
        8392        8384         36
        8532        8532          9
        8865        8872         16

TABLE    : start_time (1005)

   ggh4_orig   ggh4_dest      total
        1158        1126         33
        1177        1142         58

TABLE    : start_time (1015)

   ggh4_orig   ggh4_dest      total
        8392        8384         13

TABLE    : start_time (1025)

   ggh4_orig   ggh4_dest      total
        1075        1129         18

TABLE    : start_time (1030)

   ggh4_orig   ggh4_dest      total
        1163        1126         11
        1283        1273         38
        2209        2215         21
        8397        8380         22

TABLE    : start_time (1040)

   ggh4_orig   ggh4_dest      total
        8123        8136         52

TABLE    : start_time (1045)

   ggh4_orig   ggh4_dest      total
        8384        8384         31

TABLE    : start_time (1050)

   ggh4_orig   ggh4_dest      total
        1554        1554         50

TABLE    : start_time (1055)

   ggh4_orig   ggh4_dest      total
        2201        2201         31

TABLE    : start_time (1100)

   ggh4_orig   ggh4_dest      total
        1161        1152         24
        1166        1152         26
        8361        8380         90
        8392        8380         15

TABLE    : start_time (1115)

   ggh4_orig   ggh4_dest      total
        1361        1376          4

TABLE    : start_time (1120)

   ggh4_orig   ggh4_dest      total
        7137        7137         21
        8532        8532          8

TABLE    : start_time (1130)

   ggh4_orig   ggh4_dest      total
        1138        1152         19
        8253        8253         16

TABLE    : start_time (1135)

   ggh4_orig   ggh4_dest      total
        1425        1411         37

TABLE    : start_time (1150)

   ggh4_orig   ggh4_dest      total
        1177        1152         33

TABLE    : start_time (1200)

   ggh4_orig   ggh4_dest      total
        1129        1152         42
        1177        1152         23
        1554        1554         50

TABLE    : start_time (1215)

   ggh4_orig   ggh4_dest      total
        1188        1114         14
        6177        6200         19
        8384        8380         31
        8392        8380         17

TABLE    : start_time (1220)

   ggh4_orig   ggh4_dest      total
        8392        8380         15
        9130        9135         44

TABLE    : start_time (1230)

   ggh4_orig   ggh4_dest      total
        1142        1152         33
        5036        5036         43
        5116        5116         24

TABLE    : start_time (1240)

   ggh4_orig   ggh4_dest      total
        1177        1152         23

TABLE    : start_time (1255)

   ggh4_orig   ggh4_dest      total
        1554        1554         50

TABLE    : start_time (1300)

   ggh4_orig   ggh4_dest      total
        1177        1152         18
        1444        1376         54
        1562        1554         36
        2198        2198         10
        8532        8532          9

TABLE    : start_time (1305)

   ggh4_orig   ggh4_dest      total
        8865        8865         46

TABLE    : start_time (1340)

   ggh4_orig   ggh4_dest      total
        1161        1152         29

TABLE    : start_time (1350)

   ggh4_orig   ggh4_dest      total
        1180        1152         37

TABLE    : start_time (1400)

   ggh4_orig   ggh4_dest      total
        1080        1142         12
        1142        1152         23
        8861        8872         16

TABLE    : start_time (1430)

   ggh4_orig   ggh4_dest      total
        1177        1142         37
        8532        8532          9

TABLE    : start_time (1500)

   ggh4_orig   ggh4_dest      total
        1129        1152         43
        2181        2181         11

TABLE    : start_time (1510)

   ggh4_orig   ggh4_dest      total
        1162        1187         31

TABLE    : start_time (1630)

   ggh4_orig   ggh4_dest      total
        6200        6200         12

TABLE    : start_time (1700)

   ggh4_orig   ggh4_dest      total
        1075        1152         52

TABLE    : start_time (1725)

   ggh4_orig   ggh4_dest      total
        1122        1114         29

TABLE    : start_time (1755)

   ggh4_orig   ggh4_dest      total
        1072        1122         14

TABLE    : start_time (1800)

   ggh4_orig   ggh4_dest      total
        1067        1142          8
        1180        1142         11

TABLE    : start_time (1810)

   ggh4_orig   ggh4_dest      total
        1138        1142         14
