Fri Nov 03 2023 17:22:19 GMT+0000 (Coordinated Universal Time) - Run Time: 2100ms

Cross Tabulation Query Form - Trip - 2016 v1.1

Row: GGHM V4 zone of origin - ggh4_orig
Column: GGHM V4 zone of destination - ggh4_dest
Table: Start time of trip - start_time


Filters:
Day of week trip data were collected - trip_day In 3, 
and
Trip purpose of destination - purp_dest In D, 
and
Primary travel mode of trip - mode_prime In B, 

Trip 2016 
Table: 645

,4078
4068,48

Trip 2016 
Table: 720

,1382,1411
1353,0,59
1525,10,0

Trip 2016 
Table: 745

,1111,1128,1449
1094,5,0,0
1163,0,20,0
1496,0,0,4

Trip 2016 
Table: 750

,1163
1136,19

Trip 2016 
Table: 805

,1075,1418
1164,9,0
1260,0,9

Trip 2016 
Table: 810

,1154,1166
1111,5,0
1168,0,5

Trip 2016 
Table: 820

,7133
7146,5

Trip 2016 
Table: 830

,1242
1299,29

Trip 2016 
Table: 840

,1172
1204,8

Trip 2016 
Table: 845

,6186
6211,50

Trip 2016 
Table: 900

,1129,1420,1486
1042,39,0,0
1423,0,0,78
1491,0,29,0

Trip 2016 
Table: 915

,4060
4052,38

Trip 2016 
Table: 1000

,1243
1135,26

Trip 2016 
Table: 1100

,1242
1299,29

Trip 2016 
Table: 1225

,2123
2074,31

Trip 2016 
Table: 1330

,1089
1122,27

Trip 2016 
Table: 1410

,1153
1072,39

Trip 2016 
Table: 1445

,7033
7037,21

Trip 2016 
Table: 1500

,1577
1560,7

Trip 2016 
Table: 1530

,7133
7146,5

Trip 2016 
Table: 1550

,1456
1084,13

Trip 2016 
Table: 1600

,3145,3271
1195,12,0
1321,0,16

Trip 2016 
Table: 1610

,1376,1411,1620
1122,0,59,0
1175,13,0,0
1567,0,0,12

Trip 2016 
Table: 1615

,1563
1138,9

Trip 2016 
Table: 1620

,1150
1084,10

Trip 2016 
Table: 1630

,1147,1207,1217,1240,1373,1382,1449,1502,1546
1077,0,0,0,0,0,0,0,0,8
1084,0,0,0,0,0,0,4,0,0
1100,0,0,0,0,0,0,0,9,0
1122,23,0,0,0,0,0,0,0,0
1125,0,0,10,0,43,0,0,0,0
1135,0,0,0,0,0,10,0,0,0
1154,0,0,0,9,0,0,0,0,0
1199,0,12,0,0,0,0,0,0,0

Trip 2016 
Table: 1645

,1240,8291
1029,8,0
8352,0,25

Trip 2016 
Table: 1650

,1085
1129,5

Trip 2016 
Table: 1700

,1128,1143,1154,1163,1188,1433,1449,1520,1620
1084,0,0,0,19,0,0,0,0,0
1100,0,0,5,0,0,0,0,0,0
1122,0,0,0,0,44,0,0,0,0
1135,20,0,0,0,0,0,0,0,0
1184,0,7,0,0,0,0,0,0,0
1466,0,0,0,0,0,0,4,0,0
1601,0,0,0,0,0,42,0,0,0
1608,0,0,0,0,0,0,0,39,0
1623,0,0,0,0,0,0,0,0,4

Trip 2016 
Table: 1710

,4113
1510,39

Trip 2016 
Table: 1715

,1111,1166
1091,0,5
1154,5,0

Trip 2016 
Table: 1730

,1211
1104,23

