Fri Nov 03 2023 17:07:05 GMT+0000 (Coordinated Universal Time) - Run Time: 2383ms

Cross Tabulation Query Form - Trip - 2016 v1.1

Row: GGHM V4 zone of origin - ggh4_orig
Column: GGHM V4 zone of destination - ggh4_dest
Table: Start time of trip - start_time


Filters:
Day of week trip data were collected - trip_day In 3, 
and
Trip purpose of destination - purp_dest In S, 
and
Primary travel mode of trip - mode_prime In J, 

Trip 2016 
Table: 600

,1114,1213,1278,1333
2019,0,0,53,0
2038,0,21,0,0
4002,0,15,0,0
4329,28,0,0,0
5080,0,0,0,7

Trip 2016 
Table: 610

,1114
3280,22

Trip 2016 
Table: 640

,1114
3269,9

Trip 2016 
Table: 645

,1114,1152
3160,18,0
6172,0,16

Trip 2016 
Table: 700

,1022,1076,1111,1122,1142,1152,1172,2076
2078,0,0,0,0,0,0,0,11
3288,0,0,0,15,0,0,0,0
3303,0,13,0,0,0,0,12,0
4128,0,0,0,0,42,0,0,0
4278,0,0,0,0,0,14,0,0
5093,41,0,0,0,0,0,0,0
5114,0,0,0,0,22,0,0,0
6194,0,0,23,0,0,0,0,0

Trip 2016 
Table: 705

,1114,1142
4053,0,23
5143,14,0

Trip 2016 
Table: 710

,1152
4021,12

Trip 2016 
Table: 715

,1142,1152
2103,0,14
4268,38,0

Trip 2016 
Table: 720

,1152
3285,31

Trip 2016 
Table: 725

,1022
5102,13

Trip 2016 
Table: 730

,1129,1152,4025,5101
1603,0,0,0,14
3244,0,38,0,0
5040,0,0,34,0
6133,32,0,0,0

Trip 2016 
Table: 740

,1152,1510
3392,0,7
4266,14,0

Trip 2016 
Table: 745

,1122
1552,29

Trip 2016 
Table: 750

,1152,6200
1036,0,4
4311,22,0

Trip 2016 
Table: 800

,1114,1142,1152,1463,1510
1253,0,0,26,0,0
2002,0,17,0,0,0
2010,0,0,14,0,0
2042,0,0,0,20,0
3195,22,0,0,0,0
3259,29,0,0,0,0
4023,0,0,22,0,0
4043,0,16,0,0,0
4173,0,0,0,0,9
5023,0,0,0,0,29

Trip 2016 
Table: 810

,1152
4298,12

Trip 2016 
Table: 815

,1152
2094,12
3153,6
4071,19

Trip 2016 
Table: 820

,1114
4105,15

Trip 2016 
Table: 830

,1111
4311,21

Trip 2016 
Table: 840

,1152
2094,21

Trip 2016 
Table: 845

,1122,1152
4020,0,14
4298,5,0

Trip 2016 
Table: 850

,1152
4011,43

Trip 2016 
Table: 900

,1003,1114,1152,6200
1552,0,0,20,0
4003,21,0,0,12
4148,0,57,0,0

Trip 2016 
Table: 905

,1152
4005,34

Trip 2016 
Table: 930

,1152
3280,22

Trip 2016 
Table: 1000

,1122,1142
3259,13,0
4311,0,22
5076,0,41

Trip 2016 
Table: 1100

,1122
4311,15

Trip 2016 
Table: 1210

,1152
2198,12

Trip 2016 
Table: 1300

,1152
4024,32

Trip 2016 
Table: 1330

,2076
1187,22

Trip 2016 
Table: 1400

,1142
4191,6

Trip 2016 
Table: 1530

,1142
5116,61

Trip 2016 
Table: 1700

,1122
3142,9

Trip 2016 
Table: 1730

,1122
5024,15

