Thu Nov 02 2023 15:24:17 GMT+0000 (Coordinated Universal Time) - Run Time: 14184ms

Cross Tabulation Query Form - Trip - 2016 v1.1

Row: GGHM V4 zone of origin - ggh4_orig
Column: GGHM V4 zone of destination - ggh4_dest
Table: Start time of trip - start_time


Filters:
Day of week trip data were collected - trip_day In 1, 
and
Trip purpose of destination - purp_dest In S, 
and
Primary travel mode of trip - mode_prime In S, 

Trip 2016
ROW : ggh4_orig
COLUMN : ggh4_dest

TABLE    : start_time (620)

   ggh4_orig   ggh4_dest      total
        8245        8289         21

TABLE    : start_time (625)

   ggh4_orig   ggh4_dest      total
        8887        8862         27

TABLE    : start_time (640)

   ggh4_orig   ggh4_dest      total
        5175        4111         80

TABLE    : start_time (645)

   ggh4_orig   ggh4_dest      total
        7016        7010         12

TABLE    : start_time (650)

   ggh4_orig   ggh4_dest      total
        3061        3355         51
        7014        7010         28
        8894        8862         44

TABLE    : start_time (700)

   ggh4_orig   ggh4_dest      total
        1565        3416         29
        2107        2150         16
        2149        2201         39
        2301        2295         23
        3128        3080         32
        3253        1243         25
        3253        4018         25
        3422        3358         39
        4045        4127         31
        4091        4040         13
        4138        4310         60
        4160        4189         15
        4160        4272         34
        4228        4307         29
        4259        4297         12
        4337        4328         37
        4348        4328         13
        4377        4374         59
        5040        5107         34
        8701        8702         22
        8823        8826         34
        8889        8893         41
        8890        8865         24

TABLE    : start_time (705)

   ggh4_orig   ggh4_dest      total
        3128        3080         32
        3195        3358         13
        3384        3317         18
        4018        4039         12
        4335        4245         10
        4358        4328         21
        7044        7067         28
        8802        8815         51
        8888        8865         93
        9009        9012         51
        9018        9012         16
        9026        9022         98

TABLE    : start_time (710)

   ggh4_orig   ggh4_dest      total
        3179        3292          6
        3329        3358         35
        4020        4128         54
        4050        4028         10
        4070        4128         37
        4084        4040         18
        4084        4129         18
        4105        4128         36
        4335        4245         16
        4341        4267         11
        4355        4278         36
        7028        7033        291
        7041        7041         50
        7141        7137         28
        8252        8255         28
        8402        8392         18
        8597        4002         95

TABLE    : start_time (715)

   ggh4_orig   ggh4_dest      total
        2054        9305         16
        2097        9305         64
        3087        3071         16
        3128        3080          6
        3159        3071        107
        3264        3094         15
        3268        3292          8
        3404        3389         35
        4010        4003         23
        4046        3023         15
        4052        4060         18
        4104        4127         36
        4123        4074         59
        4140        4173         23
        4148        4177          8
        4151        4124         16
        4157        4142         28
        4335        4274         16
        5076        5093         19
        5107        5093         17
        5124        5135         19
        6130        6090         18
        6224        5076         63
        7053        7033         74
        8340        8289         53
        8355        8255         32
        8402        8289         26
        8817        8815         41
        8829        8834         35
        8855        8871         68
        8889        8865         22
        9008        9012         24
        9016        9012         30
        9017        9012         71

TABLE    : start_time (719)

   ggh4_orig   ggh4_dest      total
        5012        5045         30

TABLE    : start_time (720)

   ggh4_orig   ggh4_dest      total
        2134        2112         46
        2233        2174         44
        2281        2292         14
        3066        3121         19
        3144        3071         73
        3323        1491         18
        3384        3389        135
        3387        3416          7
        3402        3419         15
        3403        3416         58
        3475        3473         69
        4071        4028         25
        4101        4105         47
        4140        4181         23
        4341        4285         19
        5129        5093         46
        6229        6177         42
        6230        6232         29
        6233        6227         10
        7079        7099         15
        7113        7073         33
        7137        7159         49
        8241        8309         59
        8294        8364         12
        8312        8255         46
        8816        8815         27
        8826        8834         35
        8862        8863         89
        8865        8869         43
        8874        8865        113
        8880        8865         13
        8884        8865         55
        8903        8908        192
        9010        9012         23
        9016        9010         24

TABLE    : start_time (725)

   ggh4_orig   ggh4_dest      total
        1048        1119         44
        1215        1205         21
        2150        2166         38
        3110        3281          9
        3165        3071         14
        3165        3126         64
        3187        3269         16
        3196        3269         15
        3199        3269         20
        3217        3166         23
        3381        3416         10
        3424        3416         22
        4028        4064         15
        4046        5130         15
        4177        4189         37
        4254        4266         29
        4345        4370         18
        4363        4370         53
        5049        8806         34
        5089        5132          9
        5183        5194         19
        6041        6031        108
        7057        6069         25
        7057        7073         25
        7075        7083         61
        7133        7151          4
        8129        6067         17
        8245        8289         21
        8255        8252         12
        8268        8333         23
        8279        8331         18
        8818        8815         13
        8840        8834         54
        8859        8863         36
        8865        8862         23
        8887        8824         27

TABLE    : start_time (730)

   ggh4_orig   ggh4_dest      total
        1029        1119         17
        1075        1119         28
        1118        4038         16
        1220        1119         11
        1343        1564          9
        1549        1558         34
        2004        2002         15
        2115        2055         19
        2141        2098          7
        2206        2174        139
        2229        2223         20
        2273        2256          3
        2299        2299         24
        2301        2295         17
        3034        3006         17
        3061        3071         21
        3067        3050         31
        3145        3202         23
        3168        3121         21
        3170        3121         24
        3179        3071         13
        3185        3269         16
        3187        3269         19
        3189        3080         24
        3195        3071         20
        3295        3265         23
        3296        3358         18
        3334        3358         23
        3369        3358         23
        3404        3419          8
        3414        3288         14
        3422        3443         39
        4014        4039         10
        4040        4028         73
        4042        4094         17
        4057        4074         20
        4075        4057         38
        4089        4059          7
        4091        4129         13
        4110        1222         42
        4210        5139         41
        4214        4287         14
        4251        4297         23
        4254        4266         12
        4254        4278         29
        4267        4279         39
        4312        4338         22
        4317        4310         51
        4362        4374         36
        4367        4370         16
        4377        4370         43
        5010        5024         30
        5012        5012         30
        5020        5016         24
        5023        5016         33
        5082        5061         37
        5089        5132        198
        5098        5093         18
        5107        5093         15
        5125        5132         28
        5125        5133         13
        5130        8806         42
        6041        6031         54
        6058        6065         36
        6079        6093         66
        6089        6171        167
        6134        6137         37
        6138        6065         58
        6179        6177         24
        6179        6191         52
        6223        6177         36
        6230        6227         66
        7023        7003         89
        7060        7067         41
        7073        7157         17
        7084        7083          6
        7111        7155         49
        7116        7099         18
        7139        7033         76
        7153        7155         51
        7153        7159         51
        7155        7159         46
        7168        7037         23
        8239        8239          6
        8239        8309         88
        8241        8309         82
        8248        8333         19
        8253        8252         25
        8268        8333         22
        8273        8333         54
        8377        8364          4
        8401        8390         67
        8418        8427         19
        8515        8525         31
        8701        8702         14
        8815        8806         23
        8816        8815         41
        8830        8835         18
        8834        8834         55
        8837        8834         17
        8840        8834         27
        8842        8840         28
        8862        8863         29
        8874        8865         20
        8888        8898         24
        9006        9012         31
        9104        9115          9
        9115        8834         22
        9132        9135         92

TABLE    : start_time (735)

   ggh4_orig   ggh4_dest      total
        2162        2180         14
        2268        2281         12
        2301        2295         21
        3130        3195         40
        3214        3166         18
        3266        3247         11
        3330        3202         30
        4132        4002         12
        4307        4338         20
        5008        5003          9
        5023        5046         29
        5089        5154          9
        5107        5075         11
        6220        6191         25
        7014        7016         72
        7036        7067         56
        8387       17879         36
        8387       17887         36
        8427        8381         25
        8806        8815         31
        8821        8830         68
        8846        8862         61
        8903        8911         96

TABLE    : start_time (737)

   ggh4_orig   ggh4_dest      total
        8424        8427         60

TABLE    : start_time (740)

   ggh4_orig   ggh4_dest      total
        1352        1352          8
        1355        1340         21
        2039        2036         61
        2050        2112         28
        2097        2098         37
        2109        2169         33
        2242        2055         83
        2311        2295         77
        3181        3355         11
        3237        3257         11
        3258        4030         16
        4037        4129         18
        4042        4046         20
        4057        4074         15
        4061        4061         17
        4074        4074         16
        4084        4056        104
        4084        4128         26
        4121        4061         20
        4133        4121         32
        4148        4181         26
        4163        4171         56
        4315        4341         62
        5054        5076         31
        5130        5095         16
        6064        6092         43
        6222        6177         20
        7035        7039         24
        7035        7045         18
        7076        7093         41
        7151        7159         67
        8108        8125         14
        8156        6179         10
        8340        8321         38
        8341        8353          7
        8350        8293         14
        8377        8303          4
        8406        8390         36
        8410        8390         44
        8594        8576         16
        8842        8839         27

TABLE    : start_time (745)

   ggh4_orig   ggh4_dest      total
        1131        5074         23
        1227        1259         23
        1263        1400         29
        1273        1273         39
        1291        1270         40
        1302        1302         21
        1585        1440         27
        2010        2041         21
        2020        2041         46
        2107        2155         58
        2221        2155         13
        2231        2065         19
        2242        2292        166
        2301        2295         41
        2302        2295         18
        3099        3083         15
        3210        3195         12
        3214        3257         12
        3220        3220         23
        3309        2005         32
        3342        3023         17
        3390        3023         12
        3407        3416         39
        3462        3455         12
        4024        4035          4
        4030        4064         35
        4070        4060         18
        4074        4074         16
        4091        4061         10
        4162        4002         21
        4200        4272          9
        4214        4002         25
        4311        4320         49
        4359        8706         19
        4368        4371         33
        5012        5003          8
        5039        5151         69
        5059        5059         22
        5132        5162         11
        5193        3023         23
        5201        5180          6
        7014        7016         20
        7151        7159          7
        7168        7037         29
        8230        8223         11
        8238        8353         13
        8244        8421         33
        8253        8252         25
        8253        8289         18
        8406        8390         21
        8709        8709          8
        8826        8829         35
        8890        8890         14
        9024        9022         42
        9107        9107         15
        9145        9123         26

TABLE    : start_time (750)

   ggh4_orig   ggh4_dest      total
        1302        1306         12
        1331        1467         24
        1363        1381          5
        1369        1369         85
        1494        1564         22
        2037        2030         20
        2085        2042          8
        2150        2202         36
        2215        2169         37
        3118        3119         30
        3191        1243         10
        3268        3282         31
        3487        3427         23
        4013        4009         12
        4013        4032         24
        4030        4023         21
        4151        4142         11
        4254        4266         19
        4286        4274         24
        4320        4274         19
        5132        5162         25
        6028        6067        131
        6073        6140        110
        7122        7083         21
        8107        8125         12
        8156        8139         10
        8156        8148         10
        8273        8303         28
        8397        8379         48
        8590        8596         21
        8828        8828         19
        8867        8866          9
        9114        9117         24

TABLE    : start_time (755)

   ggh4_orig   ggh4_dest      total
        1130        1071         22
        1376        1411         90
        1607        1318         14
        2014        2198         22
        2307        2308         21
        3377        3317         32
        4123        5091         16
        4247        4274          5
        4285        4274         17
        4325        4341         16
        6235        6235         31
        7006        7003         39
        7075        7062         61
        7126        6077         13
        8338        1415         32
        8502        8506         44
        8590        8594         21
        8601        8576         35
        8707        8596         64
        8707        8708        128
        8851        8826         25

TABLE    : start_time (757)

   ggh4_orig   ggh4_dest      total
        1583        1484         23

TABLE    : start_time (800)

   ggh4_orig   ggh4_dest      total
        1009        1006         14
        1049        1031         30
        1130        1041         41
        1186        1129         30
        1207        1242         11
        1217        1246         21
        1318        1168          7
        1346        1318         31
        1369        1325         18
        1376        1361         20
        1449        1467         37
        1458        2004         12
        2013        2014         14
        2037        2042         17
        2070        2067         75
        2074        2037         34
        2204        2201         40
        2215        2169         12
        2284        2292         38
        2284        2294         38
        2286        2295         22
        2299        2292         15
        2310        2310         19
        2310        2311         19
        3057        3058         24
        3077        1481         94
        3097        3051         21
        3104        3196         40
        3135        3020         12
        3189        3051         14
        3218        3235         24
        3225        3147         13
        3242        3377         37
        3249        3120         24
        3303        3303         15
        3359        3304         29
        3384        3391         33
        3392        3394         42
        3407        3404         13
        3411        3409         61
        3444        3455         28
        3462        3440         14
        4017        4005         22
        4040        4020         20
        4051        4056         31
        4058        4046          6
        4068        4057         28
        4081        4127         61
        4090        4094         36
        4091        4074         13
        4101        4084         16
        4101        4124         16
        4110        4069          8
        4117        4105         30
        4134        4123         21
        4138        4174         17
        4143        5139         27
        4160        4160         15
        4228        4191         22
        4246        4200         30
        4247        1565         39
        4270        4278         39
        4322        4317         13
        4340        4310         34
        4355        4359         36
        5001        6069         24
        5008        5003         42
        5039        5151         69
        5059        5054         13
        5069        5076         43
        5095        5095         20
        5096        5094         52
        5125        5124         11
        5125        5132          4
        5130        5105          7
        5143        5143         17
        5186        5190         58
        5202        5146         37
        6041        6067         41
        6058        6058         36
        6068        6059         73
        6100        6061         25
        6124        6065         33
        6193        6175         44
        7028        7037          9
        7079        7087         35
        7093        7083         55
        7135        7100         54
        8114        8107         47
        8145        6179         37
        8150        8105         23
        8221        8209          5
        8238        8254         68
        8239        8309         92
        8268        8282         14
        8268        8333         40
        8290        8331         19
        8340        8281         36
        8340        8321         16
        8376        8364         45
        8388        8375         42
        8391        8367          5
        8406        8367         21
        8524        8541         78
        8597        8601         19
        8602        8596         16
        8603        8596         17
        8701        8702          8
        8705        8706         17
        8708        8708          5
        8803        8806         58
        8805        8810         23
        8806        8815         30
        8824        8828         18
        8883        8885         25
        8885        8885         70
        8906        8908         18
        8911        8907          6
        8911        8908          8
        9003        2295         25
        9009        9017         30
        9117        9135         74
        9119        9135         26
        9145        9145         26
        9150        9131         16

TABLE    : start_time (802)

   ggh4_orig   ggh4_dest      total
        4377        4370         29

TABLE    : start_time (805)

   ggh4_orig   ggh4_dest      total
        1169        1175         18
        1187        1582         24
        1246        1246         33
        1302        1461         13
        1393        1222         42
        2052        2124         49
        2052        2157         34
        2085        2042          8
        2162        2094         14
        2204        2177         20
        3223        3223          5
        3259        3229         19
        3307        3287         39
        3407        3404         13
        4214        4191          9
        4226        4226         17
        4270        4281         50
        4377        4370         59
        5059        5054         16
        5065        5102         72
        5125        5139         14
        6177        6198         51
        7052        7062         29
        7090        7073         16
        7095        3023         17
        8105        8107         12
        8107        8125         12
        8134        8109         56
        8156        8156         45
        8288        1565         32
        8319        8368         25
        8591        8599         20
        8600        8601         43
        8707        8707         14
        8814        8805         17
        9132        9141         92

TABLE    : start_time (810)

   ggh4_orig   ggh4_dest      total
        1216        1222         67
        1246        1246         32
        1272        1246         21
        1339        1331         14
        1372        1467          6
        1400        1517         19
        2009        2013         16
        2039        2198         30
        2286        2295         22
        3082        3051         28
        3244        3282         23
        3307        3287         23
        3343        3345         30
        4035        4035         13
        4166        4164          7
        4173        4177         19
        4266        4266         36
        4337        4337         37
        4340        4295         30
        5116        5102          5
        6067        6128         28
        7009        7014         80
        7053        7070         74
        7144        7155         22
        8153        8139         22
        8156        8156         14
        8213        8210         35
        8282        8415         38
        8285        8315         74
        8502        8528         44
        8514        8524         11
        8521        8524         18
        8587        8572         28
        8601        8601         36
        8602        8596         44
        8701        8601         10
        8704        8706         62
        8813        8815         20
        8843        8885         34
        8865        7003         28

TABLE    : start_time (814)

   ggh4_orig   ggh4_dest      total
        8910        8914         14

TABLE    : start_time (815)

   ggh4_orig   ggh4_dest      total
        1021        1011          7
        1202        1167         11
        1403        1444         57
        2039        2013         36
        2078        2013         27
        2082        2198         27
        2121        2094         12
        2275        2295         20
        3034        3023         17
        3263        3247         23
        3334        3220         23
        3474        3427         13
        3485        3466          9
        3490        3488         11
        4010        4020         24
        4080        4080         18
        4166        4186         70
        4340        4310          5
        5110        5122         73
        5158        5142         17
        5183        5190         21
        6041        6041         35
        6081        6086          8
        6130        6088         18
        7079        7087         19
        7087        7087         26
        7168        7168         23
        8105        8105          7
        8105        8125         13
        8112        6048         16
        8210        8262         31
        8273        8281         45
        8319        8372         46
        8339        8368         20
        8340        8321         40
        8340        8330         10
        8350        8315         15
        8520        8528         32
        8576        8574         28
        8707        8707        108
        8801        8801         13
        8802        8806         38
        8803        8806         41
        8905        8902         49
        8916        8908         42
        9019        9019         68

TABLE    : start_time (820)

   ggh4_orig   ggh4_dest      total
        1173        1230         11
        1219        1151         54
        1299        1253         54
        1375        1469         29
        1521        1565         15
        2103        2094         18
        2157        2131         34
        2301        2295         41
        3028        3023         40
        3056        3050          9
        3099        3066         23
        3145        3094         19
        3312        3317         27
        3350        3345         15
        3417        3406         25
        3462        3427         12
        3463        3438         22
        4041        4035         15
        4074        4088         23
        4148        4138         51
        5041        6140         35
        5084        5084         35
        5188        5195         15
        6047        6091         32
        7044        7053         57
        7045        7089         26
        7146        7116         25
        8104        8156         24
        8107        8139         39
        8130        8139          7
        8213        8235         61
        8281        8281         86
        8331        8368         23
        8536        8541         33
        8596        8596         13
        8706        8705         86
        8708        8710        165
        8712        8712          4
        8814        8810         19
        8888        8888         54
        9013        9010         25
        9013        9013         26
        9105        9120         16

TABLE    : start_time (825)

   ggh4_orig   ggh4_dest      total
        1511        1479         27
        1520        1506         28
        2009        2013         20
        2070        2143         37
        2107        2161         51
        2117        2093         14
        3116        3094         10
        3135        3051         11
        3231        3249          9
        3455        3427         55
        4226        4244         49
        4376        4370         79
        5154        5132         17
        5179        5186         15
        7005        7023         33
        7145        7145         47
        7151        7045         15
        8238        8281         15
        8520        8508         15
        8814        8810         17
        8821        8817         33
        8832        8831         16
        8846        8840         28
        8857        8844         25
        8887        8887         18
        9106        9120         81

TABLE    : start_time (830)

   ggh4_orig   ggh4_dest      total
        1021        1011          7
        1047        1024         13
        1474        3358         16
        1556        1526         33
        1575        1587         40
        1617        1604         17
        2024        2013         41
        2038        2036         72
        2206        2206         34
        2227        2158         32
        2269        2235         13
        2301        2295         41
        3057        3069         21
        3061        3055         25
        3099        3099         12
        3179        3179         16
        3217        3187         27
        3444        3427         28
        3447        3427        150
        3447        3438         75
        3476        3466         55
        4017        4019         12
        4020        4002         54
        4040        4015         36
        4140        4132         23
        4247        4251         11
        4281        4235         12
        4298        4310         14
        4345        4331         18
        4372        4376         31
        5076        5080         18
        5082        5073          4
        5202        5193         37
        6046        6050         37
        7044        7053         21
        7060        7060         41
        7093        7093         17
        7113        7145         35
        7145        7145         14
        7154        7145         51
        8238        8254         12
        8255        8262         34
        8387        8387         53
        8418        8422         19
        8521        8508         30
        8528        8572          4
        8530        8528         17
        8590        8591         55
        8594        8596         45
        8596        8579         25
        8823        8820         34
        8830        8835         18
        8872        8863         26
        8890        8890         53
        8892        8902         41
        8894        8898         44
        8914        8908         14
        9011        9019         14
        9017        9018         47
        9018        9018         16
        9022        9010          9
        9143        9147         16
        9146        9131         19

TABLE    : start_time (835)

   ggh4_orig   ggh4_dest      total
        2042        2063         16
        2124        2090         12
        2233        2223         35
        3201        3226         26
        3212        3166         61
        3273        3220         16
        3372        3391         70
        4152        5096         13
        4203        4132         59
        5008        5010         42
        7046        7046         15
        7111        7153         49
        8520        8508         29
        8801        8801        100
        8815        8815         23
        8833        8839         50
        9024        9022         42
        9115        9119         22

TABLE    : start_time (840)

   ggh4_orig   ggh4_dest      total
        1215        1207          6
        1258        1260         26
        2023        2031         60
        2192        2149         39
        2198        2187         25
        3217        3227         38
        3318        3190         19
        3342        3296         18
        3343        3296         25
        3476        3474         25
        3489        3488         25
        4005        4011         49
        4030        4030         15
        4121        4121         12
        4300        4287          8
        4312        4289         22
        4345        4338         11
        6183        6191         28
        7091        7130         19
        7116        7099         14
        7139        7137         13
        8602        8596         40
        8814        8809          9
        8835        8831         25
        9016        9005         27

TABLE    : start_time (845)

   ggh4_orig   ggh4_dest      total
        1081        1022         57
        1359        1359         34
        1526        1526         22
        2020        2020        108
        2241        2241         20
        3121        3066         42
        3135        3124         12
        3217        3296         22
        3223        3223         30
        3258        3116         34
        3489        3488         25
        4013        5074          7
        4214        4214         14
        4307        4289         25
        4312        4289         45
        5045        5045          8
        5054        5059        140
        5081        5095         16
        5107        4101         18
        5132        5142         22
        6205        6175         31
        7062        7067         17
        7079        7095         25
        7079        7099         51
        7153        7165         51
        8520        8528         34
        8804        8805         16
        8816        8816          7
        8821        8818         68
        9104        9104          9

TABLE    : start_time (850)

   ggh4_orig   ggh4_dest      total
        1340        6059         28
        2082        2090         27
        5064        5068         11
        5065        5065         18
        5108        5095         12
        7094        7099         97
        8104        8107         26

TABLE    : start_time (853)

   ggh4_orig   ggh4_dest      total
        5151        5142         35

TABLE    : start_time (855)

   ggh4_orig   ggh4_dest      total
        4331        4333         19
        5107        5107         27
        8889        8889         24

TABLE    : start_time (900)

   ggh4_orig   ggh4_dest      total
        4303        4289         12
        4363        4371         10
        5059        5050         49
        7112        7130         48
        7145        7126         40
        7159        7148         47
        8238        8247         32
        8803        8803         58
        8855        8855         21
        8884        8879         55

TABLE    : start_time (1305)

   ggh4_orig   ggh4_dest      total
        1531        1510         31

TABLE    : start_time (1455)

   ggh4_orig   ggh4_dest      total
        3085        3091         15
